Date	Current Oil in Place,  sm3	Current Oil in Place[M503.sdata],  sm3	Current Oil in Place[M525.sdata],  sm3	Current Oil in Place[M586.sdata],  sm3	Current Oil in Place[M760.sdata],  sm3	Current Oil in Place[M776.sdata],  sm3	Current Oil in Place[M793.sdata],  sm3	Current Oil in Place[M813.sdata],  sm3	Current Oil in Place[M1086.sdata],  sm3	Current Oil in Place[M1264.sdata],  sm3	Current Oil in Place[M1269.sdata],  sm3	Current Oil in Place[M1391.sdata],  sm3	Current Oil in Place[M1467.sdata],  sm3	Current Oil in Place[M1484.sdata],  sm3	Current Oil in Place[M1586.sdata],  sm3	Current Oil in Place[M1638.sdata],  sm3	Current Oil in Place[M1680.sdata],  sm3	Current Oil in Place[M1682.sdata],  sm3	Current Oil in Place[M1737.sdata],  sm3	Current Oil in Place[M1755.sdata],  sm3	Current Oil in Place[MTruth_Case.DATA],  sm3
01/10/2017	4.3647e+06	4.20854e+06	3.55985e+06	4.0437e+06	4.27673e+06	3.60151e+06	4.18502e+06	3.68853e+06	3.46172e+06	4.07001e+06	4.60081e+06	3.20746e+06	4.66718e+06	4.58984e+06	5.12425e+06	3.85007e+06	4.49413e+06	4.88078e+06	4.54547e+06	4.84525e+06	4.96714e+06
31/10/2017	4.3563e+06	4.18148e+06	3.54969e+06	4.0324e+06	4.25183e+06	3.59288e+06	4.17532e+06	3.67852e+06	3.44554e+06	4.05962e+06	4.57981e+06	3.20025e+06	4.65741e+06	4.57842e+06	5.11279e+06	3.83473e+06	4.47269e+06	4.85369e+06	4.5214e+06	4.83349e+06	4.9442e+06
30/11/2017	4.34865e+06	4.16021e+06	3.54063e+06	4.02246e+06	4.23251e+06	3.58505e+06	4.16753e+06	3.66967e+06	3.43142e+06	4.05045e+06	4.56413e+06	3.19352e+06	4.64925e+06	4.56907e+06	5.1035e+06	3.82182e+06	4.45685e+06	4.83267e+06	4.50416e+06	4.82385e+06	4.92666e+06
30/12/2017	4.34131e+06	4.14131e+06	3.53196e+06	4.01307e+06	4.21526e+06	3.57751e+06	4.16022e+06	3.66126e+06	3.41786e+06	4.04176e+06	4.55113e+06	3.18689e+06	4.64157e+06	4.56033e+06	5.09486e+06	3.80978e+06	4.4435e+06	4.81475e+06	4.48995e+06	4.81482e+06	4.91192e+06
29/01/2018	4.33416e+06	4.12336e+06	3.52351e+06	4.00401e+06	4.19892e+06	3.57011e+06	4.15318e+06	3.65307e+06	3.40447e+06	4.03337e+06	4.53945e+06	3.1803e+06	4.63419e+06	4.55195e+06	5.08663e+06	3.79816e+06	4.43166e+06	4.79866e+06	4.47763e+06	4.80613e+06	4.899e+06
28/02/2018	4.32712e+06	4.10575e+06	3.51516e+06	3.99517e+06	4.18293e+06	3.56278e+06	4.14631e+06	3.64502e+06	3.3911e+06	4.02517e+06	4.52902e+06	3.17371e+06	4.62702e+06	4.54378e+06	5.07868e+06	3.78671e+06	4.42097e+06	4.78368e+06	4.46667e+06	4.79768e+06	4.88756e+06
30/03/2018	4.32013e+06	4.0882e+06	3.50686e+06	3.98644e+06	4.16706e+06	3.5555e+06	4.13954e+06	3.63703e+06	3.37769e+06	4.01707e+06	4.51943e+06	3.1671e+06	4.61997e+06	4.53575e+06	5.07091e+06	3.77532e+06	4.4111e+06	4.76939e+06	4.45663e+06	4.78938e+06	4.87724e+06
29/04/2018	4.31318e+06	4.0706e+06	3.49856e+06	3.97778e+06	4.15118e+06	3.54821e+06	4.13284e+06	3.62907e+06	3.36423e+06	4.00902e+06	4.51049e+06	3.16047e+06	4.61302e+06	4.52782e+06	5.06329e+06	3.76391e+06	4.40186e+06	4.75552e+06	4.44731e+06	4.78117e+06	4.86777e+06
29/05/2018	4.30625e+06	4.05291e+06	3.49025e+06	3.96914e+06	4.13524e+06	3.54092e+06	4.12617e+06	3.6211e+06	3.35072e+06	4.00099e+06	4.50209e+06	3.15382e+06	4.60613e+06	4.51992e+06	5.05576e+06	3.75247e+06	4.39308e+06	4.74185e+06	4.43851e+06	4.77302e+06	4.85904e+06
28/06/2018	4.29931e+06	4.03509e+06	3.48191e+06	3.96049e+06	4.1192e+06	3.5336e+06	4.11952e+06	3.61312e+06	3.33716e+06	3.99296e+06	4.49406e+06	3.14716e+06	4.59926e+06	4.51205e+06	5.0483e+06	3.74097e+06	4.38462e+06	4.72827e+06	4.43006e+06	4.7649e+06	4.85067e+06
28/07/2018	4.29237e+06	4.01714e+06	3.47355e+06	3.95183e+06	4.10308e+06	3.52625e+06	4.11288e+06	3.60512e+06	3.32356e+06	3.98492e+06	4.4863e+06	3.14047e+06	4.59241e+06	4.50418e+06	5.04087e+06	3.72941e+06	4.37639e+06	4.71469e+06	4.42185e+06	4.75678e+06	4.84256e+06
27/08/2018	4.28541e+06	3.9991e+06	3.46515e+06	3.94315e+06	4.08686e+06	3.51889e+06	4.10623e+06	3.59709e+06	3.30992e+06	3.97686e+06	4.47872e+06	3.13377e+06	4.58556e+06	4.4963e+06	5.03346e+06	3.71778e+06	4.3683e+06	4.70106e+06	4.41378e+06	4.74865e+06	4.8347e+06
26/09/2018	4.27844e+06	3.98095e+06	3.45672e+06	3.93444e+06	4.07054e+06	3.5115e+06	4.09957e+06	3.58903e+06	3.29628e+06	3.96877e+06	4.47125e+06	3.12706e+06	4.5787e+06	4.4884e+06	5.02606e+06	3.7061e+06	4.36027e+06	4.68734e+06	4.40579e+06	4.7405e+06	4.82705e+06
26/10/2018	4.27145e+06	3.96269e+06	3.44827e+06	3.92569e+06	4.05414e+06	3.50409e+06	4.09292e+06	3.58095e+06	3.28266e+06	3.96065e+06	4.46384e+06	3.12033e+06	4.57183e+06	4.48047e+06	5.01865e+06	3.69436e+06	4.35226e+06	4.67353e+06	4.39781e+06	4.73234e+06	4.81949e+06
25/11/2018	4.26445e+06	3.94433e+06	3.43978e+06	3.91692e+06	4.03765e+06	3.49665e+06	4.08625e+06	3.57285e+06	3.26945e+06	3.95251e+06	4.45645e+06	3.11361e+06	4.56494e+06	4.47252e+06	5.01122e+06	3.68256e+06	4.34424e+06	4.6596e+06	4.38983e+06	4.72416e+06	4.81201e+06
25/12/2018	4.25742e+06	3.92591e+06	3.43127e+06	3.90812e+06	4.02108e+06	3.4892e+06	4.07956e+06	3.56471e+06	3.25746e+06	3.94434e+06	4.44904e+06	3.10687e+06	4.55804e+06	4.46454e+06	5.00378e+06	3.67072e+06	4.33619e+06	4.64557e+06	4.38182e+06	4.71596e+06	4.80455e+06
24/01/2019	4.25039e+06	3.90742e+06	3.42274e+06	3.8993e+06	4.00443e+06	3.48172e+06	4.07286e+06	3.55656e+06	3.24598e+06	3.93614e+06	4.44162e+06	3.10019e+06	4.55112e+06	4.45654e+06	4.99632e+06	3.65884e+06	4.32809e+06	4.63144e+06	4.37377e+06	4.70773e+06	4.7971e+06
23/02/2019	4.24334e+06	3.88887e+06	3.41418e+06	3.89045e+06	3.98773e+06	3.47424e+06	4.06615e+06	3.54839e+06	3.23513e+06	3.92793e+06	4.43414e+06	3.09371e+06	4.54418e+06	4.4485e+06	4.98884e+06	3.64692e+06	4.31992e+06	4.6172e+06	4.36566e+06	4.69948e+06	4.78962e+06
25/03/2019	4.23628e+06	3.87028e+06	3.4056e+06	3.88158e+06	3.971e+06	3.46672e+06	4.05942e+06	3.5402e+06	3.22469e+06	3.91969e+06	4.42661e+06	3.08753e+06	4.53722e+06	4.44045e+06	4.98134e+06	3.63497e+06	4.31168e+06	4.60285e+06	4.3575e+06	4.69121e+06	4.78211e+06
24/04/2019	4.2292e+06	3.85166e+06	3.397e+06	3.87268e+06	3.95424e+06	3.45921e+06	4.05267e+06	3.53198e+06	3.21468e+06	3.91142e+06	4.41902e+06	3.08165e+06	4.53024e+06	4.43238e+06	4.97382e+06	3.62298e+06	4.30337e+06	4.58842e+06	4.34927e+06	4.68291e+06	4.77461e+06
24/05/2019	4.2221e+06	3.83302e+06	3.38838e+06	3.86377e+06	3.93748e+06	3.45167e+06	4.04592e+06	3.52375e+06	3.20504e+06	3.90314e+06	4.41137e+06	3.07603e+06	4.52325e+06	4.42428e+06	4.96627e+06	3.61097e+06	4.29498e+06	4.57392e+06	4.34097e+06	4.67459e+06	4.76708e+06
23/06/2019	4.215e+06	3.81437e+06	3.37973e+06	3.85484e+06	3.92074e+06	3.44412e+06	4.03915e+06	3.5155e+06	3.19576e+06	3.89484e+06	4.40366e+06	3.07066e+06	4.51626e+06	4.41617e+06	4.95871e+06	3.59895e+06	4.28652e+06	4.55936e+06	4.33259e+06	4.66626e+06	4.75951e+06
23/07/2019	4.20789e+06	3.79578e+06	3.37108e+06	3.84589e+06	3.90415e+06	3.43657e+06	4.03236e+06	3.50723e+06	3.18679e+06	3.88652e+06	4.39589e+06	3.06549e+06	4.50924e+06	4.40803e+06	4.95112e+06	3.5869e+06	4.27798e+06	4.54473e+06	4.32415e+06	4.65789e+06	4.75187e+06
22/08/2019	4.20076e+06	3.7773e+06	3.3624e+06	3.83691e+06	3.88776e+06	3.42899e+06	4.02556e+06	3.49895e+06	3.17807e+06	3.87818e+06	4.38806e+06	3.0605e+06	4.50222e+06	4.39988e+06	4.9435e+06	3.57486e+06	4.26938e+06	4.53005e+06	4.31563e+06	4.64951e+06	4.74419e+06
21/09/2019	4.19362e+06	3.75898e+06	3.35371e+06	3.82792e+06	3.87168e+06	3.4214e+06	4.01874e+06	3.49064e+06	3.16964e+06	3.86982e+06	4.38016e+06	3.0557e+06	4.49518e+06	4.39172e+06	4.93587e+06	3.56281e+06	4.26071e+06	4.51532e+06	4.30702e+06	4.64111e+06	4.73647e+06
21/10/2019	4.18648e+06	3.74101e+06	3.345e+06	3.81892e+06	3.85597e+06	3.41379e+06	4.01191e+06	3.48232e+06	3.1614e+06	3.86146e+06	4.3722e+06	3.05104e+06	4.48813e+06	4.38354e+06	4.92821e+06	3.55083e+06	4.25197e+06	4.50054e+06	4.29836e+06	4.63267e+06	4.72872e+06
20/11/2019	4.17932e+06	3.7235e+06	3.33627e+06	3.80989e+06	3.84048e+06	3.4062e+06	4.00508e+06	3.47398e+06	3.15336e+06	3.85308e+06	4.36419e+06	3.04651e+06	4.48106e+06	4.37535e+06	4.92053e+06	3.5389e+06	4.24318e+06	4.48571e+06	4.28964e+06	4.62422e+06	4.7209e+06
20/12/2019	4.17216e+06	3.70633e+06	3.32753e+06	3.80086e+06	3.82547e+06	3.39858e+06	3.99822e+06	3.46563e+06	3.14548e+06	3.84468e+06	4.35611e+06	3.04208e+06	4.47399e+06	4.36715e+06	4.91282e+06	3.52724e+06	4.23434e+06	4.47085e+06	4.28085e+06	4.61575e+06	4.71306e+06
19/01/2020	4.16499e+06	3.68972e+06	3.31878e+06	3.79181e+06	3.81076e+06	3.39097e+06	3.99136e+06	3.45726e+06	3.13777e+06	3.83626e+06	4.34798e+06	3.03772e+06	4.4669e+06	4.35894e+06	4.9051e+06	3.51604e+06	4.22552e+06	4.45597e+06	4.27201e+06	4.60727e+06	4.70519e+06
18/02/2020	4.15781e+06	3.67345e+06	3.31001e+06	3.78275e+06	3.79644e+06	3.38335e+06	3.98448e+06	3.44889e+06	3.13021e+06	3.82784e+06	4.33979e+06	3.03344e+06	4.45981e+06	4.3507e+06	4.89735e+06	3.50517e+06	4.21679e+06	4.44108e+06	4.26313e+06	4.59876e+06	4.69726e+06
19/03/2020	4.15062e+06	3.65784e+06	3.30123e+06	3.77367e+06	3.78275e+06	3.37572e+06	3.97758e+06	3.4405e+06	3.12278e+06	3.8194e+06	4.33154e+06	3.02922e+06	4.4527e+06	4.34246e+06	4.88958e+06	3.49458e+06	4.20817e+06	4.4262e+06	4.25419e+06	4.59024e+06	4.68929e+06
18/04/2020	4.14343e+06	3.64269e+06	3.29244e+06	3.76459e+06	3.76946e+06	3.36809e+06	3.97068e+06	3.4321e+06	3.1155e+06	3.81094e+06	4.32326e+06	3.02506e+06	4.44558e+06	4.33422e+06	4.88179e+06	3.48458e+06	4.19965e+06	4.41137e+06	4.24522e+06	4.5817e+06	4.68128e+06
18/05/2020	4.13624e+06	3.62804e+06	3.28364e+06	3.75548e+06	3.75643e+06	3.36045e+06	3.96377e+06	3.42369e+06	3.10833e+06	3.80247e+06	4.31493e+06	3.02096e+06	4.43845e+06	4.32596e+06	4.87398e+06	3.4749e+06	4.19125e+06	4.39669e+06	4.2363e+06	4.57315e+06	4.67324e+06
17/06/2020	4.12904e+06	3.61384e+06	3.27483e+06	3.74636e+06	3.74383e+06	3.35281e+06	3.95684e+06	3.41527e+06	3.10128e+06	3.79398e+06	4.30655e+06	3.01691e+06	4.43131e+06	4.31769e+06	4.86615e+06	3.46549e+06	4.18295e+06	4.38225e+06	4.22752e+06	4.56458e+06	4.66517e+06
17/07/2020	4.12183e+06	3.60001e+06	3.26601e+06	3.73723e+06	3.73155e+06	3.34517e+06	3.94991e+06	3.40685e+06	3.09433e+06	3.78548e+06	4.29815e+06	3.01291e+06	4.42416e+06	4.30941e+06	4.8583e+06	3.45633e+06	4.17477e+06	4.36803e+06	4.21883e+06	4.556e+06	4.65706e+06
16/08/2020	4.11462e+06	3.58655e+06	3.25718e+06	3.72809e+06	3.71959e+06	3.33752e+06	3.94297e+06	3.39841e+06	3.08748e+06	3.77698e+06	4.28973e+06	3.00895e+06	4.417e+06	4.30112e+06	4.85044e+06	3.44741e+06	4.16675e+06	4.35401e+06	4.21022e+06	4.54741e+06	4.64892e+06
15/09/2020	4.10741e+06	3.57345e+06	3.24835e+06	3.71894e+06	3.70792e+06	3.32986e+06	3.93602e+06	3.38997e+06	3.08072e+06	3.76846e+06	4.2813e+06	3.00504e+06	4.40983e+06	4.29283e+06	4.84256e+06	3.43872e+06	4.15889e+06	4.34017e+06	4.20168e+06	4.5388e+06	4.64074e+06
15/10/2020	4.10019e+06	3.56069e+06	3.23952e+06	3.70977e+06	3.69654e+06	3.32221e+06	3.92907e+06	3.38152e+06	3.07405e+06	3.75994e+06	4.27292e+06	3.00116e+06	4.40265e+06	4.28452e+06	4.83467e+06	3.43025e+06	4.15114e+06	4.3267e+06	4.19322e+06	4.53018e+06	4.63253e+06
14/11/2020	4.09297e+06	3.54826e+06	3.23067e+06	3.7006e+06	3.6854e+06	3.31456e+06	3.92209e+06	3.37306e+06	3.06746e+06	3.7514e+06	4.26473e+06	2.99732e+06	4.39547e+06	4.27621e+06	4.82676e+06	3.42198e+06	4.14349e+06	4.31351e+06	4.18492e+06	4.52155e+06	4.62428e+06
14/12/2020	4.08575e+06	3.53614e+06	3.22182e+06	3.69141e+06	3.67451e+06	3.3069e+06	3.91511e+06	3.3646e+06	3.06094e+06	3.74286e+06	4.25666e+06	2.99351e+06	4.38827e+06	4.26787e+06	4.81885e+06	3.4139e+06	4.13593e+06	4.30061e+06	4.17669e+06	4.51291e+06	4.61601e+06
13/01/2021	4.07852e+06	3.52424e+06	3.21298e+06	3.68221e+06	3.66386e+06	3.29925e+06	3.90812e+06	3.35613e+06	3.05451e+06	3.73431e+06	4.24867e+06	2.98974e+06	4.38107e+06	4.25954e+06	4.81092e+06	3.40598e+06	4.12844e+06	4.28799e+06	4.16856e+06	4.50426e+06	4.60772e+06
12/02/2021	4.0713e+06	3.51262e+06	3.20413e+06	3.673e+06	3.65343e+06	3.29159e+06	3.90114e+06	3.34766e+06	3.04814e+06	3.72577e+06	4.24076e+06	2.986e+06	4.37387e+06	4.25121e+06	4.80298e+06	3.39822e+06	4.12105e+06	4.27563e+06	4.1605e+06	4.4956e+06	4.59939e+06
14/03/2021	4.06408e+06	3.50126e+06	3.19528e+06	3.66378e+06	3.64315e+06	3.28394e+06	3.89414e+06	3.33919e+06	3.04185e+06	3.71724e+06	4.23297e+06	2.98229e+06	4.36665e+06	4.24287e+06	4.79502e+06	3.39058e+06	4.11374e+06	4.26354e+06	4.15251e+06	4.48692e+06	4.59104e+06
13/04/2021	4.05687e+06	3.4902e+06	3.18643e+06	3.65455e+06	3.63312e+06	3.27629e+06	3.88715e+06	3.33071e+06	3.03562e+06	3.70871e+06	4.22529e+06	2.9786e+06	4.35943e+06	4.23451e+06	4.78706e+06	3.38308e+06	4.10651e+06	4.25171e+06	4.14458e+06	4.47824e+06	4.58267e+06
13/05/2021	4.04966e+06	3.47929e+06	3.1776e+06	3.6453e+06	3.62323e+06	3.26864e+06	3.88015e+06	3.32223e+06	3.02945e+06	3.70019e+06	4.21771e+06	2.97494e+06	4.35221e+06	4.22615e+06	4.77909e+06	3.3757e+06	4.09937e+06	4.2401e+06	4.13673e+06	4.46955e+06	4.57426e+06
12/06/2021	4.04247e+06	3.46859e+06	3.16877e+06	3.63605e+06	3.6135e+06	3.26101e+06	3.87314e+06	3.31375e+06	3.02334e+06	3.69169e+06	4.21021e+06	2.97131e+06	4.34498e+06	4.21778e+06	4.7711e+06	3.36843e+06	4.09231e+06	4.22872e+06	4.12894e+06	4.46085e+06	4.56583e+06
12/07/2021	4.03529e+06	3.45806e+06	3.15996e+06	3.62679e+06	3.60393e+06	3.25339e+06	3.86613e+06	3.30528e+06	3.01729e+06	3.68322e+06	4.20279e+06	2.96771e+06	4.33774e+06	4.2094e+06	4.76311e+06	3.36127e+06	4.08532e+06	4.21756e+06	4.12122e+06	4.45215e+06	4.55736e+06
11/08/2021	4.02813e+06	3.44773e+06	3.15115e+06	3.61752e+06	3.5945e+06	3.24579e+06	3.85911e+06	3.29682e+06	3.01129e+06	3.67479e+06	4.19543e+06	2.96412e+06	4.33051e+06	4.20101e+06	4.75511e+06	3.35421e+06	4.07841e+06	4.20659e+06	4.11357e+06	4.44343e+06	4.54888e+06
10/09/2021	4.021e+06	3.43755e+06	3.14236e+06	3.60825e+06	3.5852e+06	3.23822e+06	3.85209e+06	3.2884e+06	3.00533e+06	3.6664e+06	4.18813e+06	2.96056e+06	4.32326e+06	4.19262e+06	4.74709e+06	3.34724e+06	4.07156e+06	4.19581e+06	4.10599e+06	4.43471e+06	4.54038e+06
10/10/2021	4.0139e+06	3.42755e+06	3.1336e+06	3.59897e+06	3.57602e+06	3.23068e+06	3.84506e+06	3.28007e+06	2.99942e+06	3.65807e+06	4.1809e+06	2.95703e+06	4.31601e+06	4.18423e+06	4.73907e+06	3.34037e+06	4.06478e+06	4.18521e+06	4.09848e+06	4.42598e+06	4.53186e+06
09/11/2021	4.00685e+06	3.41764e+06	3.12487e+06	3.58968e+06	3.56696e+06	3.22318e+06	3.83804e+06	3.27182e+06	2.99356e+06	3.64981e+06	4.17374e+06	2.95351e+06	4.30875e+06	4.17582e+06	4.73104e+06	3.33358e+06	4.05804e+06	4.17478e+06	4.09103e+06	4.41724e+06	4.52331e+06
09/12/2021	3.99985e+06	3.40789e+06	3.11619e+06	3.58038e+06	3.55801e+06	3.21574e+06	3.83101e+06	3.26362e+06	2.98775e+06	3.64165e+06	4.16664e+06	2.95003e+06	4.30149e+06	4.16742e+06	4.72301e+06	3.32688e+06	4.05137e+06	4.16451e+06	4.08363e+06	4.40851e+06	4.51474e+06
08/01/2022	3.99296e+06	3.39826e+06	3.10757e+06	3.57107e+06	3.54919e+06	3.20837e+06	3.82398e+06	3.25548e+06	2.98198e+06	3.63359e+06	4.1596e+06	2.94656e+06	4.29423e+06	4.15901e+06	4.71497e+06	3.32025e+06	4.04475e+06	4.1544e+06	4.07628e+06	4.39976e+06	4.50615e+06
07/02/2022	3.98618e+06	3.38872e+06	3.09908e+06	3.56176e+06	3.54044e+06	3.20109e+06	3.81695e+06	3.24741e+06	2.97625e+06	3.62566e+06	4.15263e+06	2.94312e+06	4.28696e+06	4.15059e+06	4.70692e+06	3.3137e+06	4.03818e+06	4.14443e+06	4.069e+06	4.39101e+06	4.49754e+06
09/03/2022	3.97955e+06	3.37928e+06	3.09074e+06	3.55244e+06	3.53181e+06	3.1939e+06	3.80992e+06	3.23943e+06	2.97056e+06	3.61785e+06	4.14572e+06	2.9397e+06	4.27968e+06	4.14217e+06	4.69887e+06	3.30722e+06	4.03165e+06	4.13461e+06	4.06177e+06	4.38225e+06	4.4889e+06
08/04/2022	3.97306e+06	3.36993e+06	3.08253e+06	3.54312e+06	3.52325e+06	3.18685e+06	3.80288e+06	3.23152e+06	2.96491e+06	3.61017e+06	4.13888e+06	2.9363e+06	4.27241e+06	4.13376e+06	4.69081e+06	3.3008e+06	4.02518e+06	4.12492e+06	4.05459e+06	4.37349e+06	4.48025e+06
08/05/2022	3.96671e+06	3.36068e+06	3.07445e+06	3.53379e+06	3.51478e+06	3.17994e+06	3.79585e+06	3.22369e+06	2.9593e+06	3.60264e+06	4.13211e+06	2.93291e+06	4.26513e+06	4.12534e+06	4.68275e+06	3.29446e+06	4.01874e+06	4.11536e+06	4.04746e+06	4.36473e+06	4.47157e+06
07/06/2022	3.96049e+06	3.3515e+06	3.06655e+06	3.52445e+06	3.50638e+06	3.17322e+06	3.78881e+06	3.2159e+06	2.95372e+06	3.59525e+06	4.1254e+06	2.92955e+06	4.25784e+06	4.11691e+06	4.67468e+06	3.28818e+06	4.01236e+06	4.10592e+06	4.04039e+06	4.35596e+06	4.46288e+06
07/07/2022	3.95438e+06	3.34241e+06	3.05884e+06	3.51512e+06	3.49805e+06	3.16667e+06	3.78178e+06	3.20818e+06	2.94818e+06	3.588e+06	4.11874e+06	2.92621e+06	4.25055e+06	4.10849e+06	4.66661e+06	3.28195e+06	4.00601e+06	4.09659e+06	4.03336e+06	4.34719e+06	4.45417e+06
06/08/2022	3.94837e+06	3.3334e+06	3.05135e+06	3.50578e+06	3.48979e+06	3.1603e+06	3.77475e+06	3.20052e+06	2.94268e+06	3.58086e+06	4.11215e+06	2.92289e+06	4.24326e+06	4.10006e+06	4.65853e+06	3.27578e+06	3.99969e+06	4.08738e+06	4.02638e+06	4.33842e+06	4.44545e+06
05/09/2022	3.94245e+06	3.32444e+06	3.04408e+06	3.49644e+06	3.48159e+06	3.15409e+06	3.76772e+06	3.19294e+06	2.93721e+06	3.57383e+06	4.10561e+06	2.91959e+06	4.23597e+06	4.09163e+06	4.65044e+06	3.26966e+06	3.99341e+06	4.07827e+06	4.01944e+06	4.32965e+06	4.4367e+06
05/10/2022	3.93661e+06	3.31555e+06	3.03705e+06	3.4871e+06	3.47345e+06	3.14803e+06	3.76069e+06	3.18543e+06	2.93178e+06	3.56688e+06	4.09913e+06	2.91631e+06	4.22868e+06	4.0832e+06	4.64236e+06	3.2636e+06	3.98717e+06	4.06926e+06	4.01254e+06	4.32087e+06	4.42793e+06
04/11/2022	3.93085e+06	3.30677e+06	3.03026e+06	3.47776e+06	3.46537e+06	3.14214e+06	3.75368e+06	3.178e+06	2.92638e+06	3.56003e+06	4.0927e+06	2.91305e+06	4.22137e+06	4.07477e+06	4.63427e+06	3.25757e+06	3.98096e+06	4.06034e+06	4.00567e+06	4.31209e+06	4.41915e+06
04/12/2022	3.92516e+06	3.29805e+06	3.02372e+06	3.46842e+06	3.45736e+06	3.1364e+06	3.74667e+06	3.17064e+06	2.92101e+06	3.55328e+06	4.08632e+06	2.90981e+06	4.21407e+06	4.06634e+06	4.62619e+06	3.2516e+06	3.97478e+06	4.05152e+06	3.99884e+06	4.30331e+06	4.41034e+06
03/01/2023	3.91954e+06	3.28939e+06	3.0174e+06	3.45908e+06	3.44939e+06	3.13083e+06	3.73972e+06	3.16336e+06	2.91567e+06	3.54663e+06	4.07998e+06	2.90659e+06	4.20677e+06	4.05791e+06	4.61814e+06	3.24567e+06	3.96863e+06	4.04278e+06	3.99205e+06	4.29453e+06	4.40152e+06
02/02/2023	3.91399e+06	3.28081e+06	3.01129e+06	3.44975e+06	3.44146e+06	3.12544e+06	3.73286e+06	3.15614e+06	2.91036e+06	3.54007e+06	4.0737e+06	2.90338e+06	4.19947e+06	4.04948e+06	4.61014e+06	3.23978e+06	3.96251e+06	4.03413e+06	3.98529e+06	4.28575e+06	4.39268e+06
04/03/2023	3.90851e+06	3.27228e+06	3.00536e+06	3.44042e+06	3.43359e+06	3.12021e+06	3.72606e+06	3.149e+06	2.90508e+06	3.5336e+06	4.06745e+06	2.9002e+06	4.19217e+06	4.04106e+06	4.60226e+06	3.23394e+06	3.95641e+06	4.02556e+06	3.97856e+06	4.27697e+06	4.38382e+06
03/04/2023	3.90309e+06	3.26382e+06	2.99961e+06	3.4311e+06	3.42576e+06	3.11513e+06	3.71931e+06	3.14199e+06	2.89983e+06	3.52721e+06	4.06125e+06	2.89703e+06	4.18487e+06	4.03265e+06	4.59441e+06	3.22813e+06	3.95033e+06	4.01705e+06	3.97185e+06	4.26819e+06	4.37494e+06
03/05/2023	3.89774e+06	3.25541e+06	2.99401e+06	3.42179e+06	3.41798e+06	3.11016e+06	3.71263e+06	3.13507e+06	2.89461e+06	3.5209e+06	4.05509e+06	2.89387e+06	4.17756e+06	4.02429e+06	4.58659e+06	3.22236e+06	3.94428e+06	4.00862e+06	3.96517e+06	4.25941e+06	4.36605e+06
02/06/2023	3.89244e+06	3.24706e+06	2.98855e+06	3.41249e+06	3.41027e+06	3.10531e+06	3.70602e+06	3.12824e+06	2.88942e+06	3.51466e+06	4.04897e+06	2.89074e+06	4.17026e+06	4.01598e+06	4.57884e+06	3.21663e+06	3.93825e+06	4.00024e+06	3.95853e+06	4.25063e+06	4.35715e+06
02/07/2023	3.8872e+06	3.23877e+06	2.9832e+06	3.40321e+06	3.4026e+06	3.10054e+06	3.69949e+06	3.12152e+06	2.88426e+06	3.50849e+06	4.04289e+06	2.88762e+06	4.16296e+06	4.00771e+06	4.57114e+06	3.21093e+06	3.93224e+06	3.99193e+06	3.9519e+06	4.24185e+06	4.34824e+06
01/08/2023	3.88201e+06	3.23052e+06	2.97796e+06	3.39396e+06	3.39498e+06	3.09586e+06	3.69303e+06	3.11491e+06	2.87913e+06	3.50238e+06	4.03683e+06	2.88451e+06	4.15566e+06	3.99948e+06	4.56351e+06	3.20527e+06	3.92625e+06	3.98368e+06	3.9453e+06	4.23309e+06	4.3393e+06
31/08/2023	3.87686e+06	3.22233e+06	2.97282e+06	3.38473e+06	3.3874e+06	3.09126e+06	3.68666e+06	3.10844e+06	2.87402e+06	3.49633e+06	4.03081e+06	2.88142e+06	4.14837e+06	3.9913e+06	4.55592e+06	3.19964e+06	3.92028e+06	3.97547e+06	3.93871e+06	4.22432e+06	4.33035e+06
30/09/2023	3.87177e+06	3.21419e+06	2.96774e+06	3.37557e+06	3.37986e+06	3.08674e+06	3.68038e+06	3.10211e+06	2.86894e+06	3.49033e+06	4.02483e+06	2.87834e+06	4.14108e+06	3.98318e+06	4.54837e+06	3.19404e+06	3.91434e+06	3.96732e+06	3.93215e+06	4.21556e+06	4.32139e+06
30/10/2023	3.86671e+06	3.20611e+06	2.96274e+06	3.36648e+06	3.37236e+06	3.08229e+06	3.67422e+06	3.09592e+06	2.86391e+06	3.48437e+06	4.01887e+06	2.87528e+06	4.13381e+06	3.97511e+06	4.54087e+06	3.18848e+06	3.90841e+06	3.95921e+06	3.92561e+06	4.2068e+06	4.31241e+06
29/11/2023	3.8617e+06	3.19809e+06	2.95781e+06	3.35749e+06	3.3649e+06	3.0779e+06	3.66818e+06	3.08987e+06	2.8589e+06	3.47846e+06	4.01294e+06	2.87223e+06	4.12656e+06	3.96709e+06	4.5334e+06	3.18294e+06	3.90249e+06	3.95115e+06	3.91909e+06	4.19805e+06	4.30342e+06
29/12/2023	3.85672e+06	3.19012e+06	2.95294e+06	3.34864e+06	3.35749e+06	3.07357e+06	3.66224e+06	3.08394e+06	2.85393e+06	3.47258e+06	4.00705e+06	2.8692e+06	4.11936e+06	3.95913e+06	4.52596e+06	3.17743e+06	3.89659e+06	3.94312e+06	3.91258e+06	4.18931e+06	4.29442e+06
28/01/2024	3.85179e+06	3.18222e+06	2.94813e+06	3.33999e+06	3.35011e+06	3.0693e+06	3.65637e+06	3.07814e+06	2.849e+06	3.46674e+06	4.00118e+06	2.86618e+06	4.11223e+06	3.95127e+06	4.51855e+06	3.17195e+06	3.89072e+06	3.93514e+06	3.9061e+06	4.18058e+06	4.2854e+06
27/02/2024	3.84689e+06	3.17439e+06	2.94336e+06	3.33155e+06	3.34277e+06	3.06507e+06	3.65058e+06	3.07245e+06	2.84412e+06	3.46094e+06	3.99534e+06	2.86317e+06	4.10514e+06	3.94347e+06	4.51117e+06	3.16649e+06	3.88485e+06	3.92719e+06	3.89963e+06	4.17194e+06	4.27636e+06
28/03/2024	3.84204e+06	3.16662e+06	2.93865e+06	3.32332e+06	3.33546e+06	3.06089e+06	3.64484e+06	3.06687e+06	2.83927e+06	3.45516e+06	3.98952e+06	2.86018e+06	4.09811e+06	3.93576e+06	4.50382e+06	3.16106e+06	3.87899e+06	3.91927e+06	3.89318e+06	4.16337e+06	4.26731e+06
27/04/2024	3.83723e+06	3.15892e+06	2.93399e+06	3.31533e+06	3.3282e+06	3.05676e+06	3.63917e+06	3.06139e+06	2.83447e+06	3.44941e+06	3.98372e+06	2.8572e+06	4.09114e+06	3.92811e+06	4.4965e+06	3.15566e+06	3.87314e+06	3.91138e+06	3.88673e+06	4.15487e+06	4.25826e+06
27/05/2024	3.83245e+06	3.15129e+06	2.92937e+06	3.30754e+06	3.32096e+06	3.05267e+06	3.63355e+06	3.056e+06	2.82971e+06	3.4437e+06	3.97794e+06	2.85423e+06	4.08421e+06	3.92051e+06	4.4892e+06	3.15028e+06	3.86731e+06	3.90352e+06	3.88031e+06	4.1464e+06	4.24919e+06
26/06/2024	3.82772e+06	3.14373e+06	2.92479e+06	3.29998e+06	3.31376e+06	3.04862e+06	3.62799e+06	3.05072e+06	2.82499e+06	3.43801e+06	3.97219e+06	2.85127e+06	4.07732e+06	3.91297e+06	4.48193e+06	3.14493e+06	3.8615e+06	3.89569e+06	3.8739e+06	4.13796e+06	4.24011e+06
26/07/2024	3.82304e+06	3.13623e+06	2.92025e+06	3.29265e+06	3.3066e+06	3.04461e+06	3.62247e+06	3.04553e+06	2.82032e+06	3.43236e+06	3.96646e+06	2.84833e+06	4.07046e+06	3.90548e+06	4.47468e+06	3.1396e+06	3.8557e+06	3.88788e+06	3.8675e+06	4.12957e+06	4.23101e+06
25/08/2024	3.8184e+06	3.1288e+06	2.91575e+06	3.28551e+06	3.29946e+06	3.04063e+06	3.617e+06	3.04043e+06	2.81568e+06	3.42673e+06	3.96075e+06	2.8454e+06	4.06363e+06	3.89807e+06	4.46746e+06	3.1343e+06	3.84991e+06	3.8801e+06	3.86112e+06	4.12122e+06	4.22189e+06
24/09/2024	3.8138e+06	3.12144e+06	2.91129e+06	3.27854e+06	3.29236e+06	3.03669e+06	3.61158e+06	3.03542e+06	2.81107e+06	3.42113e+06	3.95507e+06	2.84248e+06	4.05684e+06	3.8907e+06	4.46025e+06	3.12901e+06	3.84413e+06	3.87235e+06	3.85475e+06	4.11293e+06	4.21278e+06
24/10/2024	3.80926e+06	3.11415e+06	2.90687e+06	3.27172e+06	3.28529e+06	3.03279e+06	3.60621e+06	3.03049e+06	2.80649e+06	3.41556e+06	3.94939e+06	2.83958e+06	4.05008e+06	3.88339e+06	4.45306e+06	3.12375e+06	3.83837e+06	3.86461e+06	3.84839e+06	4.1047e+06	4.20365e+06
23/11/2024	3.80475e+06	3.10692e+06	2.90248e+06	3.26504e+06	3.27825e+06	3.02891e+06	3.60089e+06	3.02564e+06	2.80194e+06	3.41002e+06	3.94374e+06	2.83669e+06	4.04336e+06	3.87613e+06	4.44589e+06	3.11851e+06	3.8326e+06	3.8569e+06	3.84203e+06	4.09653e+06	4.1945e+06
23/12/2024	3.80029e+06	3.09976e+06	2.89812e+06	3.25851e+06	3.27123e+06	3.02507e+06	3.59562e+06	3.02085e+06	2.79742e+06	3.4045e+06	3.9381e+06	2.83382e+06	4.03667e+06	3.86892e+06	4.43874e+06	3.11329e+06	3.82685e+06	3.84921e+06	3.83569e+06	4.08841e+06	4.18535e+06
22/01/2025	3.79587e+06	3.09266e+06	2.89379e+06	3.25212e+06	3.26425e+06	3.02126e+06	3.59042e+06	3.01613e+06	2.79292e+06	3.39901e+06	3.93249e+06	2.83095e+06	4.03002e+06	3.86177e+06	4.43161e+06	3.1081e+06	3.82112e+06	3.84154e+06	3.82937e+06	4.08036e+06	4.17618e+06
21/02/2025	3.7915e+06	3.08562e+06	2.88949e+06	3.24586e+06	3.2573e+06	3.01747e+06	3.58532e+06	3.01146e+06	2.78846e+06	3.39354e+06	3.92689e+06	2.8281e+06	4.0234e+06	3.85467e+06	4.4245e+06	3.10292e+06	3.81539e+06	3.83389e+06	3.82305e+06	4.07239e+06	4.167e+06
23/03/2025	3.78718e+06	3.07865e+06	2.88523e+06	3.23973e+06	3.25037e+06	3.01371e+06	3.5803e+06	3.00684e+06	2.78401e+06	3.38809e+06	3.9213e+06	2.82526e+06	4.01683e+06	3.84764e+06	4.41741e+06	3.09776e+06	3.80968e+06	3.82625e+06	3.81674e+06	4.0645e+06	4.15781e+06
22/04/2025	3.78289e+06	3.07173e+06	2.88099e+06	3.23372e+06	3.24347e+06	3.00997e+06	3.57534e+06	3.00228e+06	2.7796e+06	3.38267e+06	3.91573e+06	2.82243e+06	4.01028e+06	3.8407e+06	4.41033e+06	3.09262e+06	3.80397e+06	3.81863e+06	3.81044e+06	4.05672e+06	4.14861e+06
22/05/2025	3.77866e+06	3.06487e+06	2.87678e+06	3.22782e+06	3.2366e+06	3.00626e+06	3.57046e+06	2.99775e+06	2.77521e+06	3.37727e+06	3.91018e+06	2.81962e+06	4.00379e+06	3.83386e+06	4.40328e+06	3.0875e+06	3.79827e+06	3.81102e+06	3.80416e+06	4.04906e+06	4.13939e+06
21/06/2025	3.77447e+06	3.05807e+06	2.8726e+06	3.22203e+06	3.22975e+06	3.00257e+06	3.56564e+06	2.99328e+06	2.77084e+06	3.3719e+06	3.90464e+06	2.81681e+06	3.99734e+06	3.82708e+06	4.39624e+06	3.0824e+06	3.79258e+06	3.80344e+06	3.79788e+06	4.0415e+06	4.13017e+06
21/07/2025	3.77033e+06	3.05132e+06	2.86844e+06	3.21634e+06	3.22292e+06	2.9989e+06	3.56089e+06	2.98884e+06	2.7665e+06	3.36654e+06	3.89911e+06	2.81403e+06	3.99093e+06	3.82037e+06	4.38922e+06	3.07731e+06	3.78689e+06	3.79586e+06	3.79161e+06	4.03404e+06	4.12093e+06
20/08/2025	3.76623e+06	3.04463e+06	2.86431e+06	3.21075e+06	3.21612e+06	2.99525e+06	3.55622e+06	2.98444e+06	2.76218e+06	3.36121e+06	3.89359e+06	2.81125e+06	3.98459e+06	3.81373e+06	4.38222e+06	3.07225e+06	3.78122e+06	3.7883e+06	3.78534e+06	4.02672e+06	4.11168e+06
19/09/2025	3.76218e+06	3.03799e+06	2.86021e+06	3.20524e+06	3.20935e+06	2.99163e+06	3.55161e+06	2.98008e+06	2.75789e+06	3.3559e+06	3.88809e+06	2.80848e+06	3.97831e+06	3.80718e+06	4.37524e+06	3.0672e+06	3.77555e+06	3.78075e+06	3.77909e+06	4.01957e+06	4.10243e+06
19/10/2025	3.75817e+06	3.03139e+06	2.85613e+06	3.1998e+06	3.20259e+06	2.98802e+06	3.54707e+06	2.97576e+06	2.75361e+06	3.35061e+06	3.8826e+06	2.80573e+06	3.97209e+06	3.80071e+06	4.36828e+06	3.06217e+06	3.76989e+06	3.77322e+06	3.77284e+06	4.01257e+06	4.09316e+06
18/11/2025	3.75419e+06	3.02485e+06	2.85208e+06	3.19445e+06	3.19586e+06	2.98444e+06	3.54261e+06	2.97147e+06	2.74936e+06	3.34534e+06	3.87713e+06	2.80299e+06	3.96593e+06	3.79432e+06	4.36134e+06	3.05715e+06	3.76424e+06	3.76569e+06	3.7666e+06	4.00574e+06	4.08388e+06
18/12/2025	3.75025e+06	3.01836e+06	2.84805e+06	3.18917e+06	3.18916e+06	2.98087e+06	3.53823e+06	2.96721e+06	2.74513e+06	3.34009e+06	3.87167e+06	2.80026e+06	3.95983e+06	3.78802e+06	4.35442e+06	3.05215e+06	3.7586e+06	3.75818e+06	3.76037e+06	3.99907e+06	4.0746e+06
17/01/2026	3.74635e+06	3.01191e+06	2.84405e+06	3.18396e+06	3.18247e+06	2.97732e+06	3.53391e+06	2.96299e+06	2.74091e+06	3.33486e+06	3.86622e+06	2.79755e+06	3.95379e+06	3.7818e+06	4.34751e+06	3.04717e+06	3.75296e+06	3.75068e+06	3.75414e+06	3.99255e+06	4.0653e+06
16/02/2026	3.74248e+06	3.0055e+06	2.84007e+06	3.17881e+06	3.17581e+06	2.97379e+06	3.52965e+06	2.95879e+06	2.73672e+06	3.32964e+06	3.86078e+06	2.79484e+06	3.9478e+06	3.77567e+06	4.34062e+06	3.04221e+06	3.74732e+06	3.74319e+06	3.74792e+06	3.98615e+06	4.05598e+06
18/03/2026	3.73863e+06	2.99914e+06	2.83612e+06	3.17372e+06	3.16916e+06	2.97028e+06	3.52544e+06	2.95462e+06	2.73255e+06	3.32445e+06	3.85535e+06	2.79214e+06	3.94186e+06	3.76964e+06	4.33376e+06	3.03726e+06	3.7417e+06	3.7357e+06	3.7417e+06	3.97989e+06	4.04667e+06
17/04/2026	3.73481e+06	2.99281e+06	2.83219e+06	3.16869e+06	3.16254e+06	2.96679e+06	3.52127e+06	2.95048e+06	2.72839e+06	3.31928e+06	3.84993e+06	2.78946e+06	3.93597e+06	3.76372e+06	4.32691e+06	3.03233e+06	3.73608e+06	3.72823e+06	3.7355e+06	3.97375e+06	4.03734e+06
17/05/2026	3.73103e+06	2.98653e+06	2.82828e+06	3.16371e+06	3.15593e+06	2.96332e+06	3.51715e+06	2.94636e+06	2.72425e+06	3.31413e+06	3.84452e+06	2.7868e+06	3.93012e+06	3.75788e+06	4.32008e+06	3.02741e+06	3.73045e+06	3.72077e+06	3.72929e+06	3.96773e+06	4.028e+06
16/06/2026	3.72726e+06	2.98029e+06	2.8244e+06	3.15878e+06	3.14935e+06	2.95986e+06	3.51306e+06	2.94227e+06	2.72013e+06	3.30899e+06	3.83912e+06	2.78415e+06	3.92431e+06	3.75213e+06	4.31327e+06	3.02251e+06	3.72484e+06	3.71331e+06	3.7231e+06	3.96184e+06	4.01865e+06
16/07/2026	3.72352e+06	2.97408e+06	2.82054e+06	3.15392e+06	3.14279e+06	2.95642e+06	3.50901e+06	2.93821e+06	2.71603e+06	3.30388e+06	3.83373e+06	2.78151e+06	3.91855e+06	3.74645e+06	4.30648e+06	3.01763e+06	3.71923e+06	3.70587e+06	3.7169e+06	3.95604e+06	4.0093e+06
15/08/2026	3.7198e+06	2.96791e+06	2.8167e+06	3.14911e+06	3.13624e+06	2.953e+06	3.50499e+06	2.93417e+06	2.71194e+06	3.29878e+06	3.82834e+06	2.77889e+06	3.91284e+06	3.74084e+06	4.29971e+06	3.01275e+06	3.71363e+06	3.69843e+06	3.71071e+06	3.95035e+06	3.99993e+06
14/09/2026	3.7161e+06	2.96178e+06	2.81288e+06	3.14436e+06	3.12972e+06	2.94959e+06	3.50101e+06	2.93015e+06	2.70788e+06	3.29371e+06	3.82297e+06	2.77628e+06	3.90716e+06	3.73529e+06	4.29296e+06	3.0079e+06	3.70803e+06	3.691e+06	3.70453e+06	3.94476e+06	3.99055e+06
14/10/2026	3.71243e+06	2.95568e+06	2.80909e+06	3.13966e+06	3.12321e+06	2.9462e+06	3.49705e+06	2.92615e+06	2.70383e+06	3.28866e+06	3.8176e+06	2.7737e+06	3.90151e+06	3.72979e+06	4.28623e+06	3.00306e+06	3.70243e+06	3.68359e+06	3.69835e+06	3.93927e+06	3.98117e+06
13/11/2026	3.70876e+06	2.94962e+06	2.80532e+06	3.13503e+06	3.11672e+06	2.94283e+06	3.49313e+06	2.92217e+06	2.69979e+06	3.28363e+06	3.81224e+06	2.77113e+06	3.89591e+06	3.72437e+06	4.27952e+06	2.99823e+06	3.69684e+06	3.67618e+06	3.69218e+06	3.93388e+06	3.97177e+06
13/12/2026	3.70512e+06	2.94359e+06	2.80157e+06	3.13047e+06	3.11024e+06	2.93947e+06	3.48923e+06	2.91821e+06	2.69578e+06	3.27862e+06	3.80689e+06	2.76858e+06	3.89034e+06	3.719e+06	4.27283e+06	2.99342e+06	3.69125e+06	3.66877e+06	3.68601e+06	3.92858e+06	3.96236e+06
12/01/2027	3.70149e+06	2.9376e+06	2.79786e+06	3.12598e+06	3.10379e+06	2.93613e+06	3.48535e+06	2.91428e+06	2.69178e+06	3.27363e+06	3.80154e+06	2.76605e+06	3.8848e+06	3.71369e+06	4.26617e+06	2.98862e+06	3.68567e+06	3.66137e+06	3.67985e+06	3.92338e+06	3.95295e+06
11/02/2027	3.69788e+06	2.93164e+06	2.79417e+06	3.12155e+06	3.09735e+06	2.9328e+06	3.4815e+06	2.91036e+06	2.68779e+06	3.26867e+06	3.7962e+06	2.76353e+06	3.87929e+06	3.70844e+06	4.25953e+06	2.98384e+06	3.68009e+06	3.65399e+06	3.67369e+06	3.91827e+06	3.94352e+06
13/03/2027	3.69429e+06	2.92571e+06	2.79051e+06	3.11719e+06	3.09092e+06	2.92949e+06	3.47768e+06	2.90646e+06	2.68383e+06	3.26374e+06	3.79087e+06	2.76102e+06	3.87382e+06	3.70326e+06	4.25291e+06	2.97907e+06	3.67451e+06	3.64661e+06	3.66755e+06	3.91325e+06	3.93409e+06
12/04/2027	3.69071e+06	2.91981e+06	2.78688e+06	3.1129e+06	3.08451e+06	2.92619e+06	3.47387e+06	2.90257e+06	2.67987e+06	3.25884e+06	3.78554e+06	2.75853e+06	3.86837e+06	3.69813e+06	4.24634e+06	2.97431e+06	3.66894e+06	3.63923e+06	3.66141e+06	3.9083e+06	3.92464e+06
12/05/2027	3.68715e+06	2.91395e+06	2.78329e+06	3.10865e+06	3.07812e+06	2.92291e+06	3.47009e+06	2.89871e+06	2.67594e+06	3.25397e+06	3.78022e+06	2.75606e+06	3.86294e+06	3.69306e+06	4.23987e+06	2.96956e+06	3.66337e+06	3.63187e+06	3.65528e+06	3.90343e+06	3.91519e+06
11/06/2027	3.6836e+06	2.90811e+06	2.77972e+06	3.10446e+06	3.07174e+06	2.91964e+06	3.46633e+06	2.89486e+06	2.67202e+06	3.24913e+06	3.77491e+06	2.7536e+06	3.85754e+06	3.68804e+06	4.23351e+06	2.96483e+06	3.6578e+06	3.62451e+06	3.64916e+06	3.89864e+06	3.90572e+06
11/07/2027	3.68006e+06	2.90231e+06	2.77618e+06	3.10031e+06	3.06538e+06	2.91638e+06	3.46259e+06	2.89103e+06	2.66811e+06	3.24434e+06	3.7696e+06	2.75115e+06	3.85217e+06	3.68307e+06	4.22721e+06	2.96011e+06	3.65223e+06	3.61716e+06	3.64304e+06	3.89391e+06	3.89625e+06
10/08/2027	3.67654e+06	2.89653e+06	2.77268e+06	3.09621e+06	3.05903e+06	2.91314e+06	3.45887e+06	2.88722e+06	2.66422e+06	3.23958e+06	3.76429e+06	2.74872e+06	3.84682e+06	3.67816e+06	4.22098e+06	2.95541e+06	3.64667e+06	3.60982e+06	3.63694e+06	3.88925e+06	3.88677e+06