Date	Water Injection Total,  sm3	Water Injection Total[M503.sdata],  sm3	Water Injection Total[M525.sdata],  sm3	Water Injection Total[M586.sdata],  sm3	Water Injection Total[M760.sdata],  sm3	Water Injection Total[M776.sdata],  sm3	Water Injection Total[M793.sdata],  sm3	Water Injection Total[M813.sdata],  sm3	Water Injection Total[M1086.sdata],  sm3	Water Injection Total[M1264.sdata],  sm3	Water Injection Total[M1269.sdata],  sm3	Water Injection Total[M1391.sdata],  sm3	Water Injection Total[M1467.sdata],  sm3	Water Injection Total[M1484.sdata],  sm3	Water Injection Total[M1586.sdata],  sm3	Water Injection Total[M1638.sdata],  sm3	Water Injection Total[M1680.sdata],  sm3	Water Injection Total[M1682.sdata],  sm3	Water Injection Total[M1737.sdata],  sm3	Water Injection Total[M1755.sdata],  sm3	Water Injection Total[MTruth_Case.DATA],  sm3
01/10/2017	0	0	0	0	0	0	0	0	0	0	0	0	0	0	0	0	0	0	0	0	0
31/10/2017	1596.87	3595.44	1822.49	1459.12	3263.51	1771.52	1182.6	1618.47	4838.06	1459.43	539.934	2837.7	1127.55	1268.46	1087.69	2643.77	597.95	1189.64	564.867	1295.79	359.345
30/11/2017	4717.25	13941.3	6211.99	5067.6	12176.1	5709.6	3622.4	5435.8	15242.7	4810.31	1909.27	8022.29	3283.6	4008.92	3178.54	9107.1	2224.96	5398.18	2102.55	4132.32	1298.12
30/12/2017	9283.52	28584.5	12560.7	10721.1	24849.3	11353.8	7496.37	11200.3	28223.5	10005.8	4303.63	14501.9	6813.57	8515.42	6668.98	18167.4	5096.41	12500.8	4792.05	8705.46	3253.58
29/01/2018	14896.5	45621.3	20173.7	17752.4	39766.8	18049.5	12497	18167.1	42338.5	16522.4	7481.96	21554.6	11461	14352.5	11363.4	28841.2	9079.59	21793.8	8628.07	14587.5	6216.24
28/02/2018	21222.3	64000.9	28579	25786.9	55957.5	25399.6	18297.6	25959.6	56972.4	23975.7	11529.1	28834.5	16946.8	21105.2	16983.2	40508.7	14087.6	32727.5	13492.6	21476.8	10196.7
30/03/2018	28042.3	83088	37457.1	34489.1	72919.3	33149.9	24663.9	34290.6	71855.1	32019.6	16272.5	36205.9	23080.2	28572.8	23306.3	52725.8	19906.4	44913.5	19153.4	29083.7	15060.3
29/04/2018	35227.5	102579	46614.9	43632.5	90317.5	41161.1	31420.1	42938.6	86856.9	40464	21624.7	43607.5	29691.1	36530.4	30198.2	65290.1	26400.7	58100.8	25544.3	37218.6	20638.4
29/05/2018	42656.8	122309	55946.4	53038.6	107981	49324.8	38448.8	51797.4	101899	49189.3	27588.3	51014.7	36684.4	44844.5	37508.8	78064	33491.4	71947.5	32570.4	45747.6	26881.8
28/06/2018	50253.5	142200	65369.1	62623.9	125839	57583.1	45662	60778.4	116957	58093.1	34061.4	58423.9	43943.8	53432.2	45151.2	90971.2	41071	86376.1	40104.8	54561.4	33519.7
28/07/2018	57950.8	162204	74844.1	72327	143812	65890.7	52999.4	69831.2	132016	67114.9	40959.9	65832.7	51404.2	62200.6	53039.7	103965	49054	101190	48053.5	63558.9	40431.8
27/08/2018	65712.1	182296	84350.5	82102	161894	74222.2	60412.9	78924.2	147077	76213.4	48230.1	73236.4	59003.4	71082.1	61107.2	117017	57362.6	116310	56337.7	72680.7	47675.6
26/09/2018	73509.4	202479	93866.6	91915.4	180060	82564.5	67874.6	88034	162127	85357	55812.9	80640.9	66692.4	80040.5	69315.8	130114	65898.9	131665	64880.8	81872.4	55217.1
26/10/2018	81333.3	222741	103388	101758	198301	90910	75365.4	97150.1	177159	94522.5	63644.3	88042.8	74440.8	89040.6	77615	143245	74638.3	147202	73640.8	91101.6	62941.8
25/11/2018	89174.3	243065	112911	111620	216614	99257.9	82877.8	106270	192088	103699	71694.2	95439.1	82226	98066.7	85980.2	156402	83542.8	162885	82567.3	100357	70825.2
25/12/2018	97027.7	263436	122439	121498	234990	107604	90405.5	115393	206349	112886	79924.4	102836	90033.6	107108	94387.4	169576	92606.2	178691	91616.1	109632	78845
24/01/2019	104889	283847	131970	131388	253411	115944	97943.4	124518	219988	122079	88295.5	110192	97857.6	116161	102830	182767	101792	194593	100774	118924	86985.9
23/02/2019	112758	304293	141505	141285	271862	124282	105488	133647	232967	131275	96793.3	117427	105693	125218	111299	195974	111087	210597	110026	128229	95233.8
25/03/2019	120633	324763	151049	151188	290333	132622	113037	142778	245509	140475	105398	124467	113534	134278	119786	209198	120479	226670	119362	137545	103574
24/04/2019	128513	345246	160601	161095	308816	140962	120593	151915	257668	149680	114089	131258	121372	143334	128290	222439	129953	242794	128778	146868	111982
24/05/2019	136393	365730	170160	171008	327288	149302	128153	161061	269540	158890	122857	137803	129206	152388	136806	235692	139510	258965	138269	156200	120475
23/06/2019	144275	386214	179725	180930	345747	157648	135718	170213	281166	168107	131694	144132	137039	161440	145336	248958	149142	275183	147828	165539	129048
23/07/2019	152160	406681	189293	190862	364127	165992	143290	179371	292598	177332	140594	150291	144872	170491	153882	262229	158846	291444	157450	174888	137671
22/08/2019	160048	427096	198871	200801	382384	174342	150870	188535	303887	186566	149556	156307	152709	179541	162441	275498	168618	307747	167135	184247	146341
21/09/2019	167935	447426	208455	210750	400461	182695	158461	197710	315059	195810	158573	162174	160551	188590	171016	288751	178455	324086	176888	193615	155052
21/10/2019	175821	467590	218047	220705	418301	191064	166052	206892	326176	205061	167641	167931	168396	197644	179605	301970	188354	340460	186680	202994	163802
20/11/2019	183709	487486	227646	230672	435967	199422	173647	216083	337249	214321	176753	173588	176241	206701	188208	315162	198305	356867	196528	212381	172592
20/12/2019	191600	507076	237254	240649	453274	207792	181248	225281	348289	223590	185916	179178	184088	215758	196830	328242	208310	373303	206431	221778	181420
19/01/2020	199486	526241	246870	250632	470383	216150	188856	234485	359323	232868	195125	184730	191939	224817	205458	341021	218364	389765	216383	231186	190282
18/02/2020	207375	545175	256493	260621	487221	224508	196469	243694	370356	242153	204378	190236	199792	233892	214099	353521	228454	406247	226384	240606	199177
19/03/2020	215263	563655	266122	270621	503645	232866	204089	252908	381395	251449	213675	195715	207648	242964	222753	365817	238558	422739	236430	250031	208102
18/04/2020	223153	581804	275756	280629	519798	241231	211712	262128	392429	260754	223008	201166	215509	252042	231423	377669	248661	439227	246527	259461	217059
18/05/2020	231043	599637	285398	290647	535778	249589	219343	271353	403484	270066	232379	206599	223376	261126	240100	389199	258749	455685	256659	268898	226046
17/06/2020	238932	617179	295043	300674	551484	257952	226975	280582	414557	279383	241796	212012	231251	270215	248789	400464	268810	472074	266810	278343	235064
17/07/2020	246822	634472	304698	310709	567022	266305	234614	289815	425656	288715	251237	217417	239128	279306	257486	411501	278834	488362	276967	287797	244112
16/08/2020	254715	651561	314353	320752	582414	274661	242258	299054	436785	298054	260716	222811	247009	288406	266190	422347	288811	504526	287127	297258	253188
15/09/2020	262608	668478	324012	330801	597679	283022	249903	308297	447944	307393	270229	228203	254896	297506	274900	433033	298717	520599	297272	306728	262292
15/10/2020	270499	685256	333670	340862	612843	291383	257548	317543	459137	316741	279773	233589	262787	306615	283615	443577	308569	536464	307408	316204	271424
14/11/2020	278391	701918	343333	350928	627925	299742	265206	326790	470373	326100	289329	238972	270680	315722	292334	454002	318370	552153	317512	325690	280582
14/12/2020	286281	718486	352997	361005	642940	308102	272867	336041	481639	335462	298876	244359	278579	324853	301067	464323	328126	567665	327598	335180	289763
13/01/2021	294175	735006	362657	371087	657906	316449	280543	345293	492944	344820	308405	249752	286482	333983	309803	474566	337845	583002	337646	344675	298968
12/02/2021	302064	751470	372318	381176	672834	324801	288209	354547	504287	354183	317909	255148	294390	343111	318545	484746	347532	598175	347667	354175	308193
14/03/2021	309943	767900	381978	391276	687740	333145	295878	363803	515669	363537	327380	260543	302303	352245	327295	494880	357194	613194	357666	363680	317440
13/04/2021	317818	784314	391634	401385	702616	341498	303545	373057	527094	372889	336811	265943	310219	361387	336051	504981	366835	628070	367646	373194	326708
13/05/2021	325685	800726	401280	411500	717490	349841	311215	382311	538558	382235	346200	271348	318135	370534	344814	515059	376462	642821	377613	382712	335999
12/06/2021	333543	817146	410917	421622	732365	358176	318887	391566	550062	391570	355546	276756	326056	379688	353583	525122	386080	657463	387569	392235	345312
12/07/2021	341387	833584	420542	431749	747250	366498	326565	400817	561609	400887	364850	282175	333980	388848	362357	535179	395692	672010	397520	401762	354647
11/08/2021	349213	850053	430153	441881	762154	374801	334242	410062	573205	410174	374115	287595	341905	398012	371139	545232	405304	686484	407470	411295	364004
10/09/2021	357016	866552	439753	452019	777085	383085	341928	419285	584851	419428	383347	293026	349835	407186	379925	555290	414920	700894	417420	420835	373382
10/10/2021	364789	883096	449327	462164	792047	391340	349615	428461	596542	428639	392548	298465	357765	416361	388714	565351	424543	715252	427374	430376	382779
09/11/2021	372530	899678	458875	472314	807045	399570	357295	437575	608280	437800	401724	303904	365699	425538	397511	575423	434173	729569	437336	439924	392195
09/12/2021	380227	916323	468386	482471	822080	407756	364978	446648	620055	446889	410878	309346	373637	434718	406310	585503	443821	743853	447309	449471	401631
08/01/2022	387868	933026	477848	492632	837162	415877	372665	455642	631879	455898	420015	314792	381578	443902	415116	595591	453485	758112	457295	459025	411087
07/02/2022	395437	949789	487233	502800	852276	423928	380345	464579	643747	464809	429137	320256	389527	453091	423922	605698	463167	772354	467297	468584	420563
09/03/2022	402907	966611	496498	512972	867454	431911	388026	473426	655655	473617	438247	325717	397478	462283	432736	615821	472871	786583	477315	478145	430058
08/04/2022	410268	983496	505639	523149	882680	439786	395711	482204	667606	482311	447350	331184	405432	471472	441553	625958	482596	800804	487353	487708	439571
08/05/2022	417518	1.00044e+06	514650	533332	897954	447542	403393	490913	679599	490886	456447	336668	413386	480661	450370	636110	492344	815023	497412	497270	449103
07/06/2022	424667	1.01745e+06	523513	543518	913279	455154	411079	499578	691636	499344	465541	342146	421344	489849	459192	646277	502115	829246	507491	506831	458652
07/07/2022	431718	1.03452e+06	532208	553705	928652	462623	418759	508181	703709	507680	474635	347640	429304	499037	468019	656463	511909	843476	517591	516396	468219
06/08/2022	438660	1.05166e+06	540724	563894	944075	469934	426434	516726	715821	515906	483731	353132	437263	508226	476850	666671	521729	857716	527712	525961	477805
05/09/2022	445524	1.06884e+06	549047	574080	959550	477103	434108	525197	727978	524025	492834	358629	445223	517417	485684	676904	531575	871972	537857	535524	487409
05/10/2022	452315	1.08608e+06	557174	584266	975076	484128	441781	533613	740169	532072	501944	364134	453186	526618	494519	687161	541446	886247	548025	545091	497030
04/11/2022	459041	1.10341e+06	565108	594454	990652	491010	449447	541973	752393	540045	511061	369643	461156	535811	503354	697444	551342	900542	558218	554661	506668
04/12/2022	465706	1.12079e+06	572843	604638	1.00628e+06	497756	457106	550275	764658	547949	520189	375166	469121	545002	512194	707750	561261	914863	568436	564235	516324
03/01/2023	472314	1.13823e+06	580396	614823	1.02196e+06	504369	464743	558510	776962	555779	529328	380686	477085	554191	521023	718083	571205	929206	578680	573803	525998
02/02/2023	478871	1.15573e+06	587782	625003	1.03768e+06	510832	472343	566704	789303	563538	538481	386213	485048	563381	529851	728440	581173	943575	588948	583374	535687
04/03/2023	485375	1.17329e+06	595017	635176	1.05344e+06	517168	479900	574831	801674	571248	547648	391748	493018	572566	538635	738824	591165	957970	599240	592943	545393
03/04/2023	491832	1.19091e+06	602124	645345	1.06927e+06	523377	487409	582863	814082	578904	556829	397295	500989	581743	547369	749235	601183	972392	609558	602509	555115
03/05/2023	498246	1.20858e+06	609118	655507	1.08514e+06	529491	494863	590824	826526	586515	566025	402852	508952	590906	556081	759675	611226	986843	619903	612077	564851
02/06/2023	504625	1.22632e+06	616015	665653	1.10108e+06	535509	502264	598703	839003	594081	575238	408411	516913	600049	564742	770139	621293	1.00132e+06	630272	621649	574601
02/07/2023	510964	1.2441e+06	622832	675786	1.11706e+06	541460	509610	606508	851513	601615	584466	413978	524883	609158	573361	780627	631385	1.01583e+06	640666	631204	584364
01/08/2023	517271	1.26195e+06	629572	685901	1.1331e+06	547343	516900	614221	864057	609110	593714	419555	532844	618230	581933	791144	641502	1.03037e+06	651086	640751	594140
31/08/2023	523547	1.27985e+06	636261	695997	1.14919e+06	553176	524134	621836	876630	616576	602978	425143	540799	627264	590466	801688	651642	1.04494e+06	661530	650299	603928
30/09/2023	529794	1.29782e+06	642916	706056	1.16533e+06	558967	531316	629344	889235	624016	612260	430741	548752	636256	598961	812261	661804	1.05954e+06	672000	659843	613730
30/10/2023	536014	1.31584e+06	649533	716060	1.18152e+06	564713	538434	636744	901852	631442	621561	436341	556699	645196	607425	822864	671989	1.07417e+06	682496	669379	623546
29/11/2023	542211	1.33392e+06	656120	726000	1.19775e+06	570421	545484	644024	914489	638851	630879	441952	564646	654099	615856	833497	682199	1.08883e+06	693017	678912	633374
29/12/2023	548388	1.35205e+06	662684	735848	1.21404e+06	576100	552466	651204	927148	646248	640215	447575	572565	662958	624257	844157	692431	1.10353e+06	703562	688451	643217
28/01/2024	554547	1.37024e+06	669233	745565	1.23038e+06	581746	559398	658295	939827	653639	649569	453208	580443	671756	632637	854848	702686	1.11825e+06	714132	697982	653072
27/02/2024	560686	1.38848e+06	675762	755123	1.24676e+06	587376	566271	665292	952528	661017	658941	458846	588291	680504	641002	865566	712964	1.13301e+06	724726	707488	662941
28/03/2024	566802	1.40678e+06	682278	764511	1.26319e+06	592987	573102	672216	965242	668391	668332	464494	596094	689178	649347	876313	723264	1.14779e+06	735345	716941	672823
27/04/2024	572905	1.42514e+06	688787	773700	1.27967e+06	598581	579885	679068	977966	675762	677743	470152	603860	697791	657679	887089	733589	1.16261e+06	745988	726351	682717
27/05/2024	578994	1.44355e+06	695284	782704	1.2962e+06	604158	586636	685863	990704	683129	687173	475819	611583	706349	665993	897893	743939	1.17746e+06	756657	735702	692624
26/06/2024	585059	1.46203e+06	701777	791515	1.31277e+06	609721	593353	692600	1.00345e+06	690497	696623	481493	619264	714865	674289	908724	754310	1.19235e+06	767349	745015	702543
26/07/2024	591104	1.48057e+06	708264	800135	1.32939e+06	615273	600044	699283	1.01621e+06	697862	706092	487178	626905	723328	682571	919582	764702	1.20726e+06	778065	754285	712474
25/08/2024	597133	1.49917e+06	714751	808583	1.34606e+06	620812	606704	705917	1.02898e+06	705223	715579	492871	634511	731731	690844	930468	775115	1.2222e+06	788803	763519	722418
24/09/2024	603139	1.51783e+06	721231	816872	1.36278e+06	626339	613341	712510	1.04177e+06	712587	725084	498575	642090	740089	699107	941380	785548	1.23718e+06	799565	772715	732372
24/10/2024	609124	1.53657e+06	727711	825030	1.37954e+06	631857	619949	719061	1.05458e+06	719954	734608	504286	649630	748405	707357	952317	796002	1.25218e+06	810349	781855	742338
23/11/2024	615090	1.55538e+06	734186	833074	1.39634e+06	637365	626534	725581	1.06741e+06	727320	744152	510005	657145	756679	715598	963279	806476	1.26721e+06	821157	790948	752314
23/12/2024	621033	1.57425e+06	740663	841025	1.41319e+06	642865	633085	732073	1.08026e+06	734687	753714	515726	664633	764910	723828	974267	816965	1.28228e+06	831988	800006	762302
22/01/2025	626962	1.5932e+06	747140	848883	1.43009e+06	648360	639607	738539	1.09314e+06	742057	763294	521457	672099	773099	732053	985279	827477	1.29737e+06	842841	809008	772301
21/02/2025	632866	1.61222e+06	753616	856651	1.44703e+06	653848	646086	744982	1.10604e+06	749428	772892	527197	679538	781261	740273	996316	838010	1.31249e+06	853714	817957	782312
23/03/2025	638753	1.6313e+06	760098	864337	1.46403e+06	659329	652514	751411	1.11896e+06	756802	782508	532945	686946	789379	748479	1.00738e+06	848561	1.32764e+06	864610	826854	792335
22/04/2025	644626	1.65046e+06	766579	871950	1.48106e+06	664806	658907	757824	1.1319e+06	764179	792140	538701	694320	797448	756681	1.01847e+06	859130	1.34281e+06	875527	835686	802369
22/05/2025	650481	1.66969e+06	773066	879488	1.49815e+06	670279	665246	764225	1.14486e+06	771552	801791	544466	701659	805467	764875	1.02958e+06	869718	1.35801e+06	886463	844443	812415
21/06/2025	656313	1.68898e+06	779548	886970	1.51528e+06	675750	671554	770621	1.15785e+06	778933	811459	550240	708966	813428	773068	1.04071e+06	880325	1.37324e+06	897420	853105	822473
21/07/2025	662128	1.70835e+06	786037	894389	1.53245e+06	681221	677821	777013	1.17085e+06	786316	821144	556014	716239	821333	781259	1.05187e+06	890950	1.3885e+06	908397	861693	832542
20/08/2025	667926	1.72779e+06	792530	901756	1.54968e+06	686689	684055	783392	1.18388e+06	793703	830848	561799	723479	829194	789436	1.06306e+06	901593	1.40379e+06	919394	870198	842622
19/09/2025	673708	1.74729e+06	799025	909084	1.56695e+06	692152	690272	789766	1.19693e+06	801095	840568	567591	730692	837007	797610	1.07426e+06	912252	1.4191e+06	930412	878628	852712
19/10/2025	679471	1.76686e+06	805521	916371	1.58426e+06	697617	696458	796142	1.21e+06	808491	850306	573391	737864	844759	805767	1.0855e+06	922928	1.43443e+06	941449	886972	862812
18/11/2025	685219	1.7865e+06	812014	923622	1.60161e+06	703085	702613	802517	1.2231e+06	815886	860060	579199	744998	852459	813912	1.09675e+06	933620	1.4498e+06	952505	895226	872923
18/12/2025	690954	1.80621e+06	818507	930838	1.61902e+06	708553	708755	808889	1.23622e+06	823283	869828	585015	752097	860101	822054	1.10803e+06	944328	1.46519e+06	963581	903390	883044
17/01/2026	696677	1.82599e+06	825005	938031	1.63646e+06	714026	714860	815255	1.24936e+06	830682	879613	590840	759158	867699	830192	1.11933e+06	955053	1.4806e+06	974677	911459	893174
16/02/2026	702391	1.84583e+06	831509	945198	1.65396e+06	719495	720955	821622	1.26254e+06	838086	889414	596672	766199	875241	838322	1.13066e+06	965795	1.49604e+06	985793	919452	903315
18/03/2026	708095	1.86574e+06	838009	952343	1.6715e+06	724966	727041	827987	1.27573e+06	845487	899231	602512	773216	882733	846443	1.142e+06	976552	1.5115e+06	996928	927355	913466
17/04/2026	713795	1.88572e+06	844515	959473	1.68908e+06	730442	733110	834351	1.28896e+06	852893	909063	608359	780196	890177	854552	1.15337e+06	987326	1.52699e+06	1.00808e+06	935179	923626
17/05/2026	719487	1.90576e+06	851024	966587	1.7067e+06	735915	739169	840718	1.30221e+06	860304	918910	614212	787158	897570	862651	1.16475e+06	998116	1.54251e+06	1.01926e+06	942940	933795
16/06/2026	725175	1.92587e+06	857528	973684	1.72436e+06	741389	745224	847082	1.31548e+06	867720	928773	620071	794106	904914	870749	1.17616e+06	1.00892e+06	1.55804e+06	1.03045e+06	950628	943974
16/07/2026	730860	1.94606e+06	864036	980766	1.74207e+06	746868	751276	853451	1.32879e+06	875141	938650	625936	801027	912218	878831	1.18759e+06	1.01975e+06	1.57361e+06	1.04166e+06	958255	954163
15/08/2026	736547	1.96632e+06	870548	987823	1.75983e+06	752345	757318	859821	1.34212e+06	882559	948543	631808	807928	919490	886903	1.19903e+06	1.03058e+06	1.58919e+06	1.05289e+06	965832	964362
14/09/2026	742228	1.98664e+06	877067	994862	1.77762e+06	757822	763361	866193	1.35547e+06	889984	958451	637684	814811	926737	894970	1.2105e+06	1.04144e+06	1.6048e+06	1.06414e+06	973340	974569
14/10/2026	747906	2.00703e+06	883583	1.00189e+06	1.79546e+06	763301	769402	872573	1.36886e+06	897405	968374	643566	821686	933963	903035	1.22199e+06	1.05231e+06	1.62043e+06	1.07541e+06	980801	984787
13/11/2026	753588	2.02749e+06	890092	1.00889e+06	1.81333e+06	768780	775441	878949	1.38226e+06	904819	978312	649456	828538	941154	911089	1.2335e+06	1.06319e+06	1.63609e+06	1.08669e+06	988217	995014
13/12/2026	759271	2.04801e+06	896609	1.01587e+06	1.83125e+06	774264	781475	885326	1.3957e+06	912241	988265	655348	835370	948321	919134	1.24503e+06	1.07409e+06	1.65176e+06	1.09799e+06	995587	1.00525e+06
12/01/2027	764956	2.06861e+06	903126	1.02283e+06	1.84921e+06	779750	787510	891707	1.40916e+06	919659	998234	661247	842190	955460	927177	1.25658e+06	1.085e+06	1.66746e+06	1.10931e+06	1.00293e+06	1.0155e+06
11/02/2027	770643	2.08926e+06	909642	1.02976e+06	1.86721e+06	785237	793545	898094	1.42265e+06	927069	1.00822e+06	667152	848989	962583	935212	1.26815e+06	1.09593e+06	1.68319e+06	1.12065e+06	1.01022e+06	1.02575e+06
13/03/2027	776334	2.10999e+06	916146	1.03669e+06	1.88525e+06	790729	799582	904485	1.43616e+06	934478	1.01821e+06	673064	855768	969678	943230	1.27974e+06	1.10687e+06	1.69893e+06	1.13201e+06	1.01749e+06	1.03602e+06
12/04/2027	782028	2.13079e+06	922650	1.0436e+06	1.90334e+06	796226	805618	910880	1.4497e+06	941884	1.02822e+06	678985	862544	976757	951225	1.29135e+06	1.11783e+06	1.71469e+06	1.14338e+06	1.02472e+06	1.0463e+06
12/05/2027	787727	2.15165e+06	929156	1.05049e+06	1.92146e+06	801724	811657	917280	1.46326e+06	949279	1.03825e+06	684909	869314	983813	959202	1.30298e+06	1.1288e+06	1.73048e+06	1.15478e+06	1.03192e+06	1.05658e+06
11/06/2027	793428	2.17257e+06	935655	1.05738e+06	1.93963e+06	807224	817692	923685	1.47685e+06	956660	1.04828e+06	690840	876079	990847	967141	1.31464e+06	1.13979e+06	1.74628e+06	1.16618e+06	1.0391e+06	1.06688e+06
11/07/2027	799135	2.19357e+06	942154	1.06426e+06	1.95784e+06	812731	823728	930096	1.49047e+06	964030	1.05834e+06	696779	882839	997871	975027	1.3263e+06	1.15079e+06	1.76211e+06	1.17761e+06	1.04626e+06	1.07718e+06
10/08/2027	804848	2.21462e+06	948651	1.07114e+06	1.9761e+06	818243	829765	936514	1.50411e+06	971378	1.0684e+06	702724	889588	1.00487e+06	982860	1.33799e+06	1.1618e+06	1.77795e+06	1.18905e+06	1.0534e+06	1.0875e+06