Date	Current Oil in Place,  sm3	Current Oil in Place[M691.DATA],  sm3	Current Oil in Place[M767.DATA],  sm3	Current Oil in Place[M809.DATA],  sm3	Current Oil in Place[M900.DATA],  sm3	Current Oil in Place[M928.DATA],  sm3	Current Oil in Place[M998.DATA],  sm3	Current Oil in Place[M1108.DATA],  sm3	Current Oil in Place[M1295.DATA],  sm3	Current Oil in Place[M1352.DATA],  sm3	Current Oil in Place[M1419.DATA],  sm3	Current Oil in Place[M1434.DATA],  sm3	Current Oil in Place[M1508.DATA],  sm3	Current Oil in Place[M1566.DATA],  sm3	Current Oil in Place[M1586.DATA],  sm3	Current Oil in Place[M1614.DATA],  sm3	Current Oil in Place[M1689.DATA],  sm3	Current Oil in Place[M1698.DATA],  sm3	Current Oil in Place[M1766.DATA],  sm3	Current Oil in Place[M1794.DATA],  sm3	Current Oil in Place[MTruth_Case.DATA],  sm3
01/10/2017	3.5455e+06	4.14474e+06	3.53385e+06	3.55852e+06	3.91966e+06	4.38272e+06	4.29193e+06	4.20691e+06	3.57893e+06	4.21646e+06	4.23053e+06	4.09243e+06	3.48191e+06	3.64594e+06	4.55278e+06	3.64144e+06	4.47939e+06	3.66354e+06	3.78158e+06	3.89864e+06	4.96714e+06
31/10/2017	3.53765e+06	4.13934e+06	3.50921e+06	3.55098e+06	3.89379e+06	4.37588e+06	4.2787e+06	4.18502e+06	3.57484e+06	4.19612e+06	4.21809e+06	4.06879e+06	3.45865e+06	3.61735e+06	4.54e+06	3.61502e+06	4.46743e+06	3.64174e+06	3.76001e+06	3.87174e+06	4.9442e+06
30/11/2017	3.5307e+06	4.13433e+06	3.48962e+06	3.54405e+06	3.87268e+06	4.36966e+06	4.26741e+06	4.1686e+06	3.57105e+06	4.18118e+06	4.20785e+06	4.05133e+06	3.44073e+06	3.59521e+06	4.5298e+06	3.5952e+06	4.45762e+06	3.62499e+06	3.74329e+06	3.85202e+06	4.92666e+06
30/12/2017	3.52399e+06	4.12946e+06	3.4719e+06	3.53733e+06	3.8537e+06	4.36371e+06	4.25689e+06	4.15437e+06	3.56734e+06	4.1682e+06	4.19855e+06	4.03652e+06	3.42477e+06	3.57569e+06	4.52071e+06	3.5776e+06	4.44884e+06	3.61005e+06	3.7284e+06	3.83484e+06	4.91192e+06
29/01/2018	3.51742e+06	4.12467e+06	3.45493e+06	3.53073e+06	3.83575e+06	4.35792e+06	4.24681e+06	4.14125e+06	3.56368e+06	4.15639e+06	4.18985e+06	4.02302e+06	3.40963e+06	3.55677e+06	4.51241e+06	3.56058e+06	4.44078e+06	3.59577e+06	3.71423e+06	3.81842e+06	4.899e+06
28/02/2018	3.51092e+06	4.11995e+06	3.43816e+06	3.52419e+06	3.81822e+06	4.35226e+06	4.23702e+06	4.12866e+06	3.56004e+06	4.14522e+06	4.18153e+06	4.01018e+06	3.39475e+06	3.53783e+06	4.50461e+06	3.54364e+06	4.43329e+06	3.58165e+06	3.70027e+06	3.80217e+06	4.88756e+06
30/03/2018	3.50446e+06	4.11528e+06	3.42135e+06	3.51767e+06	3.80077e+06	4.34668e+06	4.2274e+06	4.11636e+06	3.55642e+06	4.1344e+06	4.17345e+06	3.99767e+06	3.37987e+06	3.51872e+06	4.49724e+06	3.52661e+06	4.4262e+06	3.56749e+06	3.6863e+06	3.78592e+06	4.87724e+06
29/04/2018	3.49801e+06	4.11064e+06	3.40438e+06	3.51116e+06	3.78323e+06	4.34115e+06	4.21787e+06	4.10415e+06	3.5528e+06	4.12375e+06	4.16551e+06	3.98527e+06	3.36487e+06	3.49943e+06	4.49016e+06	3.50946e+06	4.4194e+06	3.55319e+06	3.67221e+06	3.76959e+06	4.86777e+06
29/05/2018	3.49156e+06	4.10602e+06	3.38722e+06	3.50466e+06	3.76554e+06	4.33568e+06	4.20838e+06	4.09194e+06	3.54919e+06	4.11318e+06	4.15765e+06	3.97288e+06	3.34971e+06	3.48003e+06	4.4833e+06	3.49222e+06	4.41277e+06	3.53871e+06	3.65794e+06	3.75323e+06	4.85904e+06
28/06/2018	3.48509e+06	4.10141e+06	3.36986e+06	3.49814e+06	3.74766e+06	4.33021e+06	4.19889e+06	4.07969e+06	3.54559e+06	4.10262e+06	4.14983e+06	3.96045e+06	3.33436e+06	3.46055e+06	4.47658e+06	3.47495e+06	4.40627e+06	3.52404e+06	3.6435e+06	3.73686e+06	4.85067e+06
28/07/2018	3.47861e+06	4.09682e+06	3.35231e+06	3.4916e+06	3.72959e+06	4.32477e+06	4.18938e+06	4.06737e+06	3.54199e+06	4.09204e+06	4.14201e+06	3.94793e+06	3.31885e+06	3.44105e+06	4.46996e+06	3.4577e+06	4.39986e+06	3.50921e+06	3.6289e+06	3.7205e+06	4.84256e+06
27/08/2018	3.47211e+06	4.09222e+06	3.33458e+06	3.48504e+06	3.71134e+06	4.31934e+06	4.17985e+06	4.05495e+06	3.53838e+06	4.08142e+06	4.13419e+06	3.93534e+06	3.30321e+06	3.42158e+06	4.46339e+06	3.44049e+06	4.39351e+06	3.49421e+06	3.61414e+06	3.70414e+06	4.8347e+06
26/09/2018	3.46558e+06	4.08762e+06	3.31668e+06	3.47847e+06	3.6929e+06	4.31391e+06	4.1703e+06	4.04247e+06	3.53477e+06	4.07075e+06	4.12636e+06	3.92264e+06	3.28744e+06	3.40217e+06	4.45685e+06	3.42336e+06	4.38718e+06	3.47907e+06	3.59924e+06	3.68781e+06	4.82705e+06
26/10/2018	3.45902e+06	4.08302e+06	3.29864e+06	3.47187e+06	3.67434e+06	4.30848e+06	4.16071e+06	4.02992e+06	3.53115e+06	4.06002e+06	4.11849e+06	3.90985e+06	3.27156e+06	3.38299e+06	4.45033e+06	3.40638e+06	4.38086e+06	3.46381e+06	3.58422e+06	3.67152e+06	4.81949e+06
25/11/2018	3.45246e+06	4.07842e+06	3.28046e+06	3.46526e+06	3.65566e+06	4.30305e+06	4.15109e+06	4.01729e+06	3.52753e+06	4.04925e+06	4.1106e+06	3.89698e+06	3.25556e+06	3.36424e+06	4.44381e+06	3.38977e+06	4.37455e+06	3.44842e+06	3.56909e+06	3.65535e+06	4.81201e+06
25/12/2018	3.44587e+06	4.07381e+06	3.26215e+06	3.45863e+06	3.63687e+06	4.2976e+06	4.14143e+06	4.00459e+06	3.5239e+06	4.03842e+06	4.10268e+06	3.88403e+06	3.23946e+06	3.34589e+06	4.4373e+06	3.37369e+06	4.36822e+06	3.43293e+06	3.55386e+06	3.6396e+06	4.80455e+06
24/01/2019	3.43927e+06	4.06919e+06	3.24373e+06	3.45198e+06	3.61799e+06	4.29216e+06	4.13175e+06	3.99184e+06	3.52028e+06	4.02753e+06	4.09473e+06	3.871e+06	3.22328e+06	3.32828e+06	4.43078e+06	3.35817e+06	4.36187e+06	3.41736e+06	3.53855e+06	3.62432e+06	4.7971e+06
23/02/2019	3.43265e+06	4.06456e+06	3.22522e+06	3.44532e+06	3.59901e+06	4.28671e+06	4.12203e+06	3.97904e+06	3.51664e+06	4.0166e+06	4.08674e+06	3.85791e+06	3.20702e+06	3.31128e+06	4.42424e+06	3.34323e+06	4.35551e+06	3.40175e+06	3.52318e+06	3.60962e+06	4.78962e+06
25/03/2019	3.42602e+06	4.05993e+06	3.20665e+06	3.43864e+06	3.57999e+06	4.28125e+06	4.1123e+06	3.96621e+06	3.51301e+06	4.00562e+06	4.07873e+06	3.84478e+06	3.19072e+06	3.2949e+06	4.41767e+06	3.32867e+06	4.34912e+06	3.38611e+06	3.5078e+06	3.59538e+06	4.78211e+06
24/04/2019	3.41937e+06	4.0553e+06	3.18804e+06	3.43195e+06	3.56094e+06	4.27578e+06	4.10253e+06	3.95334e+06	3.50936e+06	3.9946e+06	4.07069e+06	3.83161e+06	3.1744e+06	3.27908e+06	4.41109e+06	3.3145e+06	4.3427e+06	3.37086e+06	3.49271e+06	3.58151e+06	4.77461e+06
24/05/2019	3.41271e+06	4.05066e+06	3.16941e+06	3.42525e+06	3.54217e+06	4.2703e+06	4.09274e+06	3.94046e+06	3.50572e+06	3.98355e+06	4.06262e+06	3.81841e+06	3.15811e+06	3.26366e+06	4.40447e+06	3.3006e+06	4.33625e+06	3.35641e+06	3.47846e+06	3.56812e+06	4.76708e+06
23/06/2019	3.40604e+06	4.04601e+06	3.15083e+06	3.41854e+06	3.5243e+06	4.26482e+06	4.08292e+06	3.92757e+06	3.50207e+06	3.97246e+06	4.05452e+06	3.80519e+06	3.14219e+06	3.24872e+06	4.39784e+06	3.28709e+06	4.32978e+06	3.34255e+06	3.46479e+06	3.55509e+06	4.75951e+06
23/07/2019	3.39936e+06	4.04136e+06	3.13253e+06	3.41181e+06	3.50701e+06	4.25934e+06	4.07308e+06	3.91469e+06	3.49841e+06	3.96135e+06	4.0464e+06	3.79196e+06	3.12698e+06	3.23416e+06	4.39118e+06	3.27393e+06	4.32328e+06	3.32932e+06	3.4517e+06	3.54235e+06	4.75187e+06
22/08/2019	3.39268e+06	4.0367e+06	3.11484e+06	3.40508e+06	3.4904e+06	4.25384e+06	4.06321e+06	3.90183e+06	3.49476e+06	3.95022e+06	4.03825e+06	3.77873e+06	3.11233e+06	3.22003e+06	4.38449e+06	3.26119e+06	4.31675e+06	3.31676e+06	3.43919e+06	3.53009e+06	4.74419e+06
21/09/2019	3.38598e+06	4.03204e+06	3.09765e+06	3.39834e+06	3.47453e+06	4.24834e+06	4.05332e+06	3.88898e+06	3.4911e+06	3.93907e+06	4.03008e+06	3.76552e+06	3.09819e+06	3.20641e+06	4.37779e+06	3.24882e+06	4.3102e+06	3.30484e+06	3.42721e+06	3.5182e+06	4.73647e+06
21/10/2019	3.37928e+06	4.02737e+06	3.0808e+06	3.39159e+06	3.45928e+06	4.24283e+06	4.04342e+06	3.87616e+06	3.48743e+06	3.92791e+06	4.0219e+06	3.75234e+06	3.0845e+06	3.19316e+06	4.37105e+06	3.23668e+06	4.30362e+06	3.29346e+06	3.41575e+06	3.50666e+06	4.72872e+06
20/11/2019	3.37256e+06	4.02269e+06	3.06455e+06	3.38483e+06	3.44481e+06	4.23732e+06	4.03349e+06	3.86338e+06	3.48376e+06	3.91675e+06	4.01368e+06	3.7392e+06	3.07112e+06	3.18024e+06	4.3643e+06	3.22492e+06	4.29702e+06	3.28254e+06	3.40474e+06	3.49543e+06	4.7209e+06
20/12/2019	3.36585e+06	4.01802e+06	3.04891e+06	3.37807e+06	3.4309e+06	4.2318e+06	4.02355e+06	3.85069e+06	3.48009e+06	3.90561e+06	4.00546e+06	3.72612e+06	3.05819e+06	3.16755e+06	4.35752e+06	3.21342e+06	4.2904e+06	3.27203e+06	3.39421e+06	3.48441e+06	4.71306e+06
19/01/2020	3.35912e+06	4.01333e+06	3.0338e+06	3.37128e+06	3.41735e+06	4.22627e+06	4.0136e+06	3.83813e+06	3.47642e+06	3.89448e+06	3.99721e+06	3.71315e+06	3.04559e+06	3.15517e+06	4.35072e+06	3.20218e+06	4.28375e+06	3.26187e+06	3.384e+06	3.47367e+06	4.70519e+06
18/02/2020	3.35239e+06	4.00864e+06	3.01926e+06	3.3645e+06	3.40444e+06	4.22074e+06	4.00363e+06	3.82581e+06	3.47275e+06	3.88339e+06	3.98896e+06	3.70036e+06	3.03331e+06	3.14307e+06	4.34389e+06	3.19117e+06	4.27708e+06	3.25203e+06	3.37407e+06	3.46317e+06	4.69726e+06
19/03/2020	3.34566e+06	4.00395e+06	3.00542e+06	3.35771e+06	3.39193e+06	4.2152e+06	3.99365e+06	3.81367e+06	3.46907e+06	3.87234e+06	3.98069e+06	3.68783e+06	3.02134e+06	3.13133e+06	4.33705e+06	3.18037e+06	4.2704e+06	3.24246e+06	3.3644e+06	3.45296e+06	4.68929e+06
18/04/2020	3.33892e+06	3.99925e+06	2.99196e+06	3.35092e+06	3.37977e+06	4.20966e+06	3.98365e+06	3.80167e+06	3.46538e+06	3.86132e+06	3.97242e+06	3.67551e+06	3.00967e+06	3.11984e+06	4.33018e+06	3.16977e+06	4.26368e+06	3.23307e+06	3.35495e+06	3.44295e+06	4.68128e+06
18/05/2020	3.33217e+06	3.99455e+06	2.97903e+06	3.34412e+06	3.36792e+06	4.20411e+06	3.97363e+06	3.78982e+06	3.46169e+06	3.85037e+06	3.96413e+06	3.66334e+06	2.99829e+06	3.10859e+06	4.3233e+06	3.15937e+06	4.25696e+06	3.22392e+06	3.34571e+06	3.43313e+06	4.67324e+06
17/06/2020	3.32542e+06	3.98984e+06	2.96644e+06	3.33732e+06	3.35638e+06	4.19856e+06	3.9636e+06	3.77815e+06	3.458e+06	3.83954e+06	3.95583e+06	3.65135e+06	2.98718e+06	3.09757e+06	4.3164e+06	3.14915e+06	4.25021e+06	3.21506e+06	3.33667e+06	3.42347e+06	4.66517e+06
17/07/2020	3.31867e+06	3.98513e+06	2.95422e+06	3.33052e+06	3.34512e+06	4.193e+06	3.95356e+06	3.76667e+06	3.45432e+06	3.82881e+06	3.94752e+06	3.63955e+06	2.97634e+06	3.08676e+06	4.30948e+06	3.13911e+06	4.24344e+06	3.2064e+06	3.32781e+06	3.41396e+06	4.65706e+06
16/08/2020	3.31191e+06	3.98042e+06	2.94223e+06	3.32371e+06	3.33411e+06	4.18743e+06	3.94351e+06	3.75532e+06	3.45063e+06	3.81826e+06	3.93921e+06	3.62798e+06	2.96575e+06	3.07615e+06	4.30255e+06	3.12923e+06	4.23665e+06	3.19794e+06	3.31906e+06	3.40456e+06	4.64892e+06
15/09/2020	3.30514e+06	3.9757e+06	2.93063e+06	3.3169e+06	3.32333e+06	4.18186e+06	3.93346e+06	3.74426e+06	3.44694e+06	3.80797e+06	3.93089e+06	3.61662e+06	2.95539e+06	3.06573e+06	4.29559e+06	3.1195e+06	4.22985e+06	3.18965e+06	3.31052e+06	3.3953e+06	4.64074e+06
15/10/2020	3.29838e+06	3.97098e+06	2.91929e+06	3.3101e+06	3.31277e+06	4.17629e+06	3.9234e+06	3.73344e+06	3.44324e+06	3.79795e+06	3.92256e+06	3.60549e+06	2.94523e+06	3.05548e+06	4.28862e+06	3.10993e+06	4.22303e+06	3.18153e+06	3.30214e+06	3.38619e+06	4.63253e+06
14/11/2020	3.2916e+06	3.96625e+06	2.90821e+06	3.30329e+06	3.30242e+06	4.17071e+06	3.91334e+06	3.72287e+06	3.43955e+06	3.78818e+06	3.91423e+06	3.59458e+06	2.93525e+06	3.04541e+06	4.28164e+06	3.10049e+06	4.2162e+06	3.17357e+06	3.29388e+06	3.37716e+06	4.62428e+06
14/12/2020	3.28483e+06	3.96153e+06	2.89737e+06	3.29649e+06	3.29226e+06	4.16512e+06	3.90329e+06	3.71252e+06	3.43585e+06	3.77855e+06	3.90589e+06	3.58388e+06	2.92545e+06	3.0355e+06	4.27464e+06	3.09119e+06	4.20935e+06	3.16576e+06	3.28575e+06	3.36824e+06	4.61601e+06
13/01/2021	3.27807e+06	3.9568e+06	2.88675e+06	3.28972e+06	3.28229e+06	4.15954e+06	3.89324e+06	3.70237e+06	3.43215e+06	3.76903e+06	3.89755e+06	3.57338e+06	2.91575e+06	3.02575e+06	4.26762e+06	3.08202e+06	4.20248e+06	3.15808e+06	3.27774e+06	3.35945e+06	4.60772e+06
12/02/2021	3.2713e+06	3.95207e+06	2.87633e+06	3.28299e+06	3.2725e+06	4.15395e+06	3.88323e+06	3.69241e+06	3.42845e+06	3.75964e+06	3.88921e+06	3.56308e+06	2.90622e+06	3.01615e+06	4.2606e+06	3.07298e+06	4.1956e+06	3.15053e+06	3.26984e+06	3.35077e+06	4.59939e+06
14/03/2021	3.26454e+06	3.94733e+06	2.8661e+06	3.27637e+06	3.26289e+06	4.14835e+06	3.87326e+06	3.68264e+06	3.42474e+06	3.7504e+06	3.88086e+06	3.55296e+06	2.89685e+06	3.00668e+06	4.25356e+06	3.06404e+06	4.18871e+06	3.1431e+06	3.26206e+06	3.34217e+06	4.59104e+06
13/04/2021	3.25776e+06	3.9426e+06	2.85605e+06	3.26989e+06	3.25343e+06	4.14274e+06	3.86337e+06	3.67303e+06	3.42104e+06	3.7413e+06	3.87252e+06	3.54303e+06	2.88762e+06	2.99735e+06	4.2465e+06	3.05522e+06	4.18181e+06	3.13579e+06	3.25439e+06	3.33367e+06	4.58267e+06
13/05/2021	3.25099e+06	3.93786e+06	2.84616e+06	3.2635e+06	3.24413e+06	4.13714e+06	3.85358e+06	3.66358e+06	3.41734e+06	3.73234e+06	3.86418e+06	3.53327e+06	2.87851e+06	2.98813e+06	4.23944e+06	3.0465e+06	4.17489e+06	3.12857e+06	3.24681e+06	3.32525e+06	4.57426e+06
12/06/2021	3.24421e+06	3.93311e+06	2.83644e+06	3.25723e+06	3.23498e+06	4.13153e+06	3.84398e+06	3.65429e+06	3.41363e+06	3.72354e+06	3.85585e+06	3.52368e+06	2.8695e+06	2.97903e+06	4.23236e+06	3.03788e+06	4.16796e+06	3.12145e+06	3.23934e+06	3.31691e+06	4.56583e+06
12/07/2021	3.23743e+06	3.92837e+06	2.82687e+06	3.25107e+06	3.22596e+06	4.12592e+06	3.83465e+06	3.64515e+06	3.40992e+06	3.71486e+06	3.84751e+06	3.51426e+06	2.8606e+06	2.97004e+06	4.22527e+06	3.02937e+06	4.16101e+06	3.11442e+06	3.23195e+06	3.30865e+06	4.55736e+06
11/08/2021	3.23065e+06	3.92362e+06	2.81746e+06	3.24503e+06	3.21706e+06	4.1203e+06	3.82557e+06	3.63616e+06	3.40621e+06	3.7063e+06	3.83919e+06	3.50499e+06	2.8518e+06	2.96116e+06	4.21817e+06	3.02093e+06	4.15406e+06	3.10748e+06	3.22465e+06	3.30047e+06	4.54888e+06
10/09/2021	3.22387e+06	3.91887e+06	2.80819e+06	3.2391e+06	3.20829e+06	4.11469e+06	3.81666e+06	3.6273e+06	3.4025e+06	3.69786e+06	3.83088e+06	3.49588e+06	2.84308e+06	2.95239e+06	4.21106e+06	3.01259e+06	4.14709e+06	3.10063e+06	3.21743e+06	3.29237e+06	4.54038e+06
10/10/2021	3.2171e+06	3.91412e+06	2.79906e+06	3.23327e+06	3.19963e+06	4.10906e+06	3.80792e+06	3.61857e+06	3.39879e+06	3.68954e+06	3.8226e+06	3.4869e+06	2.83446e+06	2.94371e+06	4.20394e+06	3.00433e+06	4.14011e+06	3.09385e+06	3.21029e+06	3.28433e+06	4.53186e+06
09/11/2021	3.21032e+06	3.90937e+06	2.79005e+06	3.22753e+06	3.19109e+06	4.10344e+06	3.79935e+06	3.60995e+06	3.39507e+06	3.68133e+06	3.81435e+06	3.47805e+06	2.82593e+06	2.93513e+06	4.19681e+06	2.99615e+06	4.13312e+06	3.08714e+06	3.20322e+06	3.27637e+06	4.52331e+06
09/12/2021	3.20354e+06	3.90461e+06	2.78117e+06	3.22191e+06	3.18265e+06	4.09781e+06	3.79098e+06	3.60145e+06	3.39136e+06	3.67324e+06	3.80614e+06	3.46933e+06	2.81748e+06	2.92665e+06	4.18966e+06	2.98805e+06	4.12612e+06	3.08051e+06	3.19622e+06	3.26848e+06	4.51474e+06
08/01/2022	3.19678e+06	3.89986e+06	2.7724e+06	3.21639e+06	3.17431e+06	4.09218e+06	3.78279e+06	3.59304e+06	3.38764e+06	3.66526e+06	3.79797e+06	3.46073e+06	2.80912e+06	2.91826e+06	4.18251e+06	2.98003e+06	4.11911e+06	3.07393e+06	3.18929e+06	3.26067e+06	4.50615e+06
07/02/2022	3.19002e+06	3.8951e+06	2.76373e+06	3.21097e+06	3.16607e+06	4.08654e+06	3.77475e+06	3.58473e+06	3.38392e+06	3.65739e+06	3.78985e+06	3.45222e+06	2.80084e+06	2.90995e+06	4.17535e+06	2.97207e+06	4.11209e+06	3.06741e+06	3.18243e+06	3.25293e+06	4.49754e+06
09/03/2022	3.18328e+06	3.89034e+06	2.75518e+06	3.20564e+06	3.15792e+06	4.08091e+06	3.76686e+06	3.57651e+06	3.3802e+06	3.64961e+06	3.78181e+06	3.44385e+06	2.79265e+06	2.90173e+06	4.16818e+06	2.96418e+06	4.10506e+06	3.06097e+06	3.17563e+06	3.24527e+06	4.4889e+06
08/04/2022	3.17659e+06	3.88558e+06	2.74672e+06	3.2004e+06	3.14986e+06	4.07527e+06	3.75908e+06	3.56838e+06	3.37649e+06	3.64192e+06	3.77392e+06	3.43558e+06	2.78453e+06	2.89358e+06	4.161e+06	2.95635e+06	4.09802e+06	3.05457e+06	3.16889e+06	3.23767e+06	4.48025e+06
08/05/2022	3.16996e+06	3.88081e+06	2.73835e+06	3.19525e+06	3.14188e+06	4.06963e+06	3.75141e+06	3.56032e+06	3.37277e+06	3.63432e+06	3.76613e+06	3.42741e+06	2.77649e+06	2.88551e+06	4.1538e+06	2.94859e+06	4.09096e+06	3.04825e+06	3.16221e+06	3.23015e+06	4.47157e+06
07/06/2022	3.16338e+06	3.87605e+06	2.73008e+06	3.19017e+06	3.13399e+06	4.06399e+06	3.74382e+06	3.55235e+06	3.36904e+06	3.6268e+06	3.75852e+06	3.41933e+06	2.76853e+06	2.87751e+06	4.1466e+06	2.94089e+06	4.0839e+06	3.04196e+06	3.15559e+06	3.22271e+06	4.46288e+06
07/07/2022	3.15685e+06	3.87128e+06	2.72189e+06	3.18514e+06	3.12618e+06	4.05834e+06	3.73633e+06	3.54445e+06	3.36532e+06	3.61935e+06	3.75099e+06	3.41133e+06	2.76065e+06	2.86959e+06	4.1394e+06	2.93325e+06	4.07684e+06	3.03574e+06	3.14902e+06	3.21534e+06	4.45417e+06
06/08/2022	3.15037e+06	3.86652e+06	2.71378e+06	3.18019e+06	3.11845e+06	4.0527e+06	3.72891e+06	3.53662e+06	3.3616e+06	3.61199e+06	3.74357e+06	3.40343e+06	2.75284e+06	2.86173e+06	4.13219e+06	2.92567e+06	4.06976e+06	3.02957e+06	3.1425e+06	3.20805e+06	4.44545e+06
05/09/2022	3.14393e+06	3.86176e+06	2.70575e+06	3.17529e+06	3.11079e+06	4.04706e+06	3.72157e+06	3.52886e+06	3.35788e+06	3.6047e+06	3.73625e+06	3.3956e+06	2.74511e+06	2.85394e+06	4.12496e+06	2.91814e+06	4.06267e+06	3.02346e+06	3.13603e+06	3.20083e+06	4.4367e+06
05/10/2022	3.13755e+06	3.85699e+06	2.69779e+06	3.17045e+06	3.10321e+06	4.04141e+06	3.7143e+06	3.52116e+06	3.35415e+06	3.59748e+06	3.72898e+06	3.38785e+06	2.73745e+06	2.84622e+06	4.11774e+06	2.91067e+06	4.05558e+06	3.01738e+06	3.12961e+06	3.19369e+06	4.42793e+06
04/11/2022	3.13123e+06	3.85223e+06	2.68991e+06	3.16566e+06	3.09569e+06	4.03578e+06	3.7071e+06	3.51352e+06	3.35043e+06	3.59032e+06	3.7218e+06	3.38017e+06	2.72986e+06	2.83853e+06	4.1105e+06	2.90325e+06	4.04848e+06	3.01135e+06	3.12324e+06	3.18662e+06	4.41915e+06
04/12/2022	3.12497e+06	3.84747e+06	2.6821e+06	3.16091e+06	3.08823e+06	4.03015e+06	3.69997e+06	3.50593e+06	3.3467e+06	3.58323e+06	3.71472e+06	3.37257e+06	2.72233e+06	2.83093e+06	4.10326e+06	2.89588e+06	4.04138e+06	3.00537e+06	3.11692e+06	3.17962e+06	4.41034e+06
03/01/2023	3.11879e+06	3.84271e+06	2.67436e+06	3.15621e+06	3.08084e+06	4.02452e+06	3.6929e+06	3.4984e+06	3.34298e+06	3.57619e+06	3.70774e+06	3.36504e+06	2.71488e+06	2.82339e+06	4.09601e+06	2.88856e+06	4.03426e+06	2.99942e+06	3.11064e+06	3.17269e+06	4.40152e+06
02/02/2023	3.11266e+06	3.83795e+06	2.66669e+06	3.15155e+06	3.07351e+06	4.01891e+06	3.68589e+06	3.49093e+06	3.33925e+06	3.56921e+06	3.70092e+06	3.35757e+06	2.70749e+06	2.8159e+06	4.08876e+06	2.88129e+06	4.02713e+06	2.99352e+06	3.1044e+06	3.16583e+06	4.39268e+06
04/03/2023	3.10659e+06	3.8332e+06	2.65908e+06	3.14694e+06	3.06624e+06	4.01329e+06	3.67893e+06	3.48351e+06	3.33552e+06	3.56229e+06	3.69421e+06	3.35017e+06	2.70017e+06	2.80847e+06	4.0815e+06	2.87406e+06	4.02001e+06	2.98765e+06	3.0982e+06	3.15904e+06	4.38382e+06
03/04/2023	3.10059e+06	3.82846e+06	2.65154e+06	3.14236e+06	3.05903e+06	4.0077e+06	3.67203e+06	3.47613e+06	3.33179e+06	3.55543e+06	3.6876e+06	3.34282e+06	2.69291e+06	2.80108e+06	4.07423e+06	2.86688e+06	4.01287e+06	2.98183e+06	3.09204e+06	3.15231e+06	4.37494e+06
03/05/2023	3.09465e+06	3.82373e+06	2.64406e+06	3.13783e+06	3.05187e+06	4.00216e+06	3.66518e+06	3.4688e+06	3.32806e+06	3.54861e+06	3.68109e+06	3.33555e+06	2.68571e+06	2.79375e+06	4.06696e+06	2.85974e+06	4.00573e+06	2.97604e+06	3.08592e+06	3.14566e+06	4.36605e+06
02/06/2023	3.08878e+06	3.81901e+06	2.63664e+06	3.13333e+06	3.04477e+06	3.99666e+06	3.65837e+06	3.46152e+06	3.32433e+06	3.54184e+06	3.67463e+06	3.32832e+06	2.67857e+06	2.78648e+06	4.05969e+06	2.85265e+06	3.99858e+06	2.97028e+06	3.07983e+06	3.13906e+06	4.35715e+06
02/07/2023	3.08297e+06	3.81431e+06	2.62929e+06	3.12886e+06	3.03771e+06	3.99122e+06	3.65161e+06	3.45428e+06	3.3206e+06	3.53512e+06	3.66827e+06	3.32115e+06	2.67149e+06	2.77924e+06	4.05241e+06	2.84559e+06	3.99143e+06	2.96456e+06	3.07379e+06	3.13253e+06	4.34824e+06
01/08/2023	3.07721e+06	3.80963e+06	2.622e+06	3.12443e+06	3.03071e+06	3.98585e+06	3.64488e+06	3.44707e+06	3.31687e+06	3.52844e+06	3.66197e+06	3.31403e+06	2.66447e+06	2.77205e+06	4.04513e+06	2.83858e+06	3.98427e+06	2.95887e+06	3.06778e+06	3.12607e+06	4.3393e+06
31/08/2023	3.07152e+06	3.80497e+06	2.61477e+06	3.12003e+06	3.02375e+06	3.98059e+06	3.6382e+06	3.43991e+06	3.31314e+06	3.52182e+06	3.65576e+06	3.30696e+06	2.6575e+06	2.76491e+06	4.03784e+06	2.8316e+06	3.97711e+06	2.95322e+06	3.0618e+06	3.11967e+06	4.33035e+06
30/09/2023	3.06589e+06	3.80032e+06	2.60761e+06	3.11566e+06	3.01685e+06	3.97541e+06	3.63154e+06	3.43279e+06	3.30941e+06	3.51523e+06	3.64961e+06	3.29994e+06	2.65058e+06	2.75783e+06	4.03055e+06	2.82467e+06	3.96995e+06	2.94759e+06	3.05586e+06	3.11333e+06	4.32139e+06
30/10/2023	3.06032e+06	3.79569e+06	2.60051e+06	3.11132e+06	3.00998e+06	3.97031e+06	3.62492e+06	3.4257e+06	3.30568e+06	3.50869e+06	3.64354e+06	3.29297e+06	2.64372e+06	2.75079e+06	4.02326e+06	2.81777e+06	3.96277e+06	2.942e+06	3.04995e+06	3.10705e+06	4.31241e+06
29/11/2023	3.05479e+06	3.79108e+06	2.59346e+06	3.10702e+06	3.00316e+06	3.96528e+06	3.61834e+06	3.41864e+06	3.30195e+06	3.50218e+06	3.63754e+06	3.28604e+06	2.6369e+06	2.7438e+06	4.01597e+06	2.81092e+06	3.9556e+06	2.93644e+06	3.04408e+06	3.10083e+06	4.30342e+06
29/12/2023	3.0493e+06	3.78649e+06	2.58648e+06	3.10275e+06	2.99639e+06	3.96031e+06	3.61178e+06	3.41162e+06	3.29822e+06	3.49572e+06	3.63161e+06	3.27916e+06	2.63015e+06	2.73685e+06	4.00867e+06	2.8041e+06	3.94842e+06	2.93091e+06	3.03824e+06	3.09466e+06	4.29442e+06
28/01/2024	3.04387e+06	3.78193e+06	2.57955e+06	3.09851e+06	2.98966e+06	3.95542e+06	3.60525e+06	3.40464e+06	3.2945e+06	3.48929e+06	3.62575e+06	3.27232e+06	2.62344e+06	2.72994e+06	4.00137e+06	2.79732e+06	3.94124e+06	2.92541e+06	3.03243e+06	3.08855e+06	4.2854e+06
27/02/2024	3.03848e+06	3.77738e+06	2.57268e+06	3.09431e+06	2.98296e+06	3.95062e+06	3.59875e+06	3.39768e+06	3.29077e+06	3.48291e+06	3.61997e+06	3.26552e+06	2.61678e+06	2.72308e+06	3.99407e+06	2.79058e+06	3.93406e+06	2.91994e+06	3.02665e+06	3.0825e+06	4.27636e+06
28/03/2024	3.03315e+06	3.77286e+06	2.56586e+06	3.09014e+06	2.97631e+06	3.94588e+06	3.59228e+06	3.39075e+06	3.28704e+06	3.47656e+06	3.61425e+06	3.25875e+06	2.61017e+06	2.71626e+06	3.98677e+06	2.78387e+06	3.92687e+06	2.9145e+06	3.0209e+06	3.0765e+06	4.26731e+06
27/04/2024	3.02787e+06	3.76838e+06	2.55909e+06	3.08602e+06	2.9697e+06	3.94121e+06	3.58583e+06	3.38385e+06	3.28332e+06	3.47024e+06	3.60859e+06	3.25203e+06	2.60361e+06	2.70948e+06	3.97946e+06	2.77721e+06	3.91968e+06	2.90908e+06	3.01518e+06	3.07056e+06	4.25826e+06
27/05/2024	3.02263e+06	3.76391e+06	2.55238e+06	3.08192e+06	2.96313e+06	3.93662e+06	3.5794e+06	3.37698e+06	3.27959e+06	3.46396e+06	3.60298e+06	3.24535e+06	2.59709e+06	2.70275e+06	3.97216e+06	2.77057e+06	3.91249e+06	2.9037e+06	3.00949e+06	3.06466e+06	4.24919e+06
26/06/2024	3.01745e+06	3.75948e+06	2.54571e+06	3.07786e+06	2.95659e+06	3.93208e+06	3.573e+06	3.37014e+06	3.27587e+06	3.45771e+06	3.59741e+06	3.2387e+06	2.59063e+06	2.69605e+06	3.96485e+06	2.76398e+06	3.9053e+06	2.89833e+06	3.00382e+06	3.05882e+06	4.24011e+06
26/07/2024	3.0123e+06	3.75508e+06	2.53909e+06	3.07383e+06	2.95009e+06	3.92759e+06	3.56663e+06	3.36332e+06	3.27215e+06	3.4515e+06	3.5919e+06	3.23209e+06	2.58421e+06	2.68939e+06	3.95755e+06	2.75742e+06	3.89811e+06	2.89299e+06	2.99819e+06	3.05302e+06	4.23101e+06
25/08/2024	3.00721e+06	3.7507e+06	2.53252e+06	3.06983e+06	2.94362e+06	3.92316e+06	3.56028e+06	3.35653e+06	3.26843e+06	3.44532e+06	3.58644e+06	3.22553e+06	2.57784e+06	2.68278e+06	3.95025e+06	2.7509e+06	3.89091e+06	2.88769e+06	2.99258e+06	3.04728e+06	4.22189e+06
24/09/2024	3.00219e+06	3.74637e+06	2.52599e+06	3.06587e+06	2.93719e+06	3.91878e+06	3.55395e+06	3.34977e+06	3.26472e+06	3.43918e+06	3.58102e+06	3.21901e+06	2.57152e+06	2.6762e+06	3.94295e+06	2.74443e+06	3.88372e+06	2.88243e+06	2.98701e+06	3.04158e+06	4.21278e+06
24/10/2024	2.99723e+06	3.74208e+06	2.51951e+06	3.06194e+06	2.9308e+06	3.91446e+06	3.54766e+06	3.34302e+06	3.26101e+06	3.43306e+06	3.57566e+06	3.21253e+06	2.56524e+06	2.66967e+06	3.93565e+06	2.73799e+06	3.87652e+06	2.87719e+06	2.98146e+06	3.03592e+06	4.20365e+06
23/11/2024	2.99235e+06	3.73783e+06	2.51307e+06	3.05807e+06	2.92443e+06	3.9102e+06	3.54139e+06	3.3363e+06	3.2573e+06	3.42698e+06	3.57035e+06	3.20608e+06	2.55902e+06	2.66317e+06	3.92835e+06	2.73159e+06	3.86933e+06	2.87198e+06	2.97593e+06	3.03032e+06	4.1945e+06
23/12/2024	2.98756e+06	3.73363e+06	2.50668e+06	3.05424e+06	2.9181e+06	3.906e+06	3.53516e+06	3.32961e+06	3.25359e+06	3.42092e+06	3.56507e+06	3.19967e+06	2.55284e+06	2.65672e+06	3.92106e+06	2.72524e+06	3.86214e+06	2.86679e+06	2.97044e+06	3.02475e+06	4.18535e+06
22/01/2025	2.98289e+06	3.72947e+06	2.50032e+06	3.05045e+06	2.9118e+06	3.90184e+06	3.52895e+06	3.32293e+06	3.24988e+06	3.4149e+06	3.55983e+06	3.19328e+06	2.5467e+06	2.65031e+06	3.91377e+06	2.71892e+06	3.85494e+06	2.86164e+06	2.96497e+06	3.01923e+06	4.17618e+06
21/02/2025	2.97835e+06	3.72534e+06	2.49401e+06	3.0467e+06	2.90554e+06	3.89773e+06	3.52279e+06	3.31628e+06	3.24617e+06	3.40891e+06	3.55464e+06	3.18694e+06	2.54061e+06	2.64394e+06	3.90649e+06	2.71265e+06	3.84776e+06	2.85651e+06	2.95953e+06	3.01375e+06	4.167e+06
23/03/2025	2.97392e+06	3.72126e+06	2.48774e+06	3.043e+06	2.8993e+06	3.89366e+06	3.51665e+06	3.30965e+06	3.24247e+06	3.40295e+06	3.54948e+06	3.18062e+06	2.53456e+06	2.6376e+06	3.89922e+06	2.70643e+06	3.84057e+06	2.85141e+06	2.95411e+06	3.0083e+06	4.15781e+06
22/04/2025	2.96963e+06	3.71722e+06	2.48151e+06	3.03932e+06	2.8931e+06	3.88963e+06	3.51055e+06	3.30304e+06	3.23877e+06	3.39702e+06	3.54437e+06	3.17434e+06	2.52856e+06	2.63131e+06	3.89195e+06	2.70024e+06	3.83339e+06	2.84634e+06	2.94872e+06	3.0029e+06	4.14861e+06
22/05/2025	2.96544e+06	3.71322e+06	2.47531e+06	3.03569e+06	2.88692e+06	3.88563e+06	3.50449e+06	3.29646e+06	3.23507e+06	3.39111e+06	3.53928e+06	3.16808e+06	2.52261e+06	2.62506e+06	3.88469e+06	2.69409e+06	3.82621e+06	2.8413e+06	2.94336e+06	2.99754e+06	4.13939e+06
21/06/2025	2.96136e+06	3.70926e+06	2.46916e+06	3.03208e+06	2.88077e+06	3.88168e+06	3.49848e+06	3.28989e+06	3.23138e+06	3.38524e+06	3.53424e+06	3.16186e+06	2.5167e+06	2.61885e+06	3.87743e+06	2.68799e+06	3.81903e+06	2.83629e+06	2.93801e+06	2.99221e+06	4.13017e+06
21/07/2025	2.95738e+06	3.70533e+06	2.46304e+06	3.0285e+06	2.87465e+06	3.87775e+06	3.49251e+06	3.28335e+06	3.22768e+06	3.3794e+06	3.52922e+06	3.15566e+06	2.51084e+06	2.61267e+06	3.87019e+06	2.68193e+06	3.81186e+06	2.8313e+06	2.9327e+06	2.98692e+06	4.12093e+06
20/08/2025	2.95349e+06	3.70144e+06	2.45695e+06	3.02496e+06	2.86856e+06	3.87386e+06	3.48659e+06	3.27682e+06	3.22399e+06	3.37358e+06	3.52424e+06	3.1495e+06	2.50503e+06	2.60653e+06	3.86295e+06	2.67591e+06	3.8047e+06	2.82635e+06	2.9274e+06	2.98167e+06	4.11168e+06
19/09/2025	2.94968e+06	3.69758e+06	2.4509e+06	3.02144e+06	2.8625e+06	3.87e+06	3.48071e+06	3.27032e+06	3.2203e+06	3.36779e+06	3.51928e+06	3.14337e+06	2.49926e+06	2.60043e+06	3.85573e+06	2.66993e+06	3.79755e+06	2.82142e+06	2.92214e+06	2.97645e+06	4.10243e+06
19/10/2025	2.94594e+06	3.69376e+06	2.44489e+06	3.01795e+06	2.85647e+06	3.86617e+06	3.47488e+06	3.26384e+06	3.21661e+06	3.36203e+06	3.51436e+06	3.13726e+06	2.49354e+06	2.59437e+06	3.84853e+06	2.66399e+06	3.79041e+06	2.81652e+06	2.91689e+06	2.97126e+06	4.09316e+06
18/11/2025	2.94227e+06	3.68996e+06	2.4389e+06	3.0145e+06	2.85045e+06	3.86237e+06	3.4691e+06	3.25738e+06	3.21293e+06	3.3563e+06	3.50946e+06	3.13119e+06	2.48786e+06	2.58834e+06	3.84134e+06	2.6581e+06	3.78328e+06	2.81165e+06	2.91167e+06	2.96611e+06	4.08388e+06
18/12/2025	2.93865e+06	3.6862e+06	2.43296e+06	3.01107e+06	2.84447e+06	3.85859e+06	3.46337e+06	3.25094e+06	3.20925e+06	3.35059e+06	3.50459e+06	3.12515e+06	2.48223e+06	2.58235e+06	3.83418e+06	2.65225e+06	3.77617e+06	2.8068e+06	2.90647e+06	2.96099e+06	4.0746e+06
17/01/2026	2.93509e+06	3.68247e+06	2.42705e+06	3.00767e+06	2.83851e+06	3.85483e+06	3.45769e+06	3.24452e+06	3.20558e+06	3.34491e+06	3.49975e+06	3.11914e+06	2.47665e+06	2.57639e+06	3.82706e+06	2.64645e+06	3.76909e+06	2.80198e+06	2.90129e+06	2.95591e+06	4.0653e+06
16/02/2026	2.93157e+06	3.67877e+06	2.42118e+06	3.00429e+06	2.83258e+06	3.8511e+06	3.45207e+06	3.23812e+06	3.20191e+06	3.33926e+06	3.49493e+06	3.11317e+06	2.47111e+06	2.57047e+06	3.81998e+06	2.64069e+06	3.76203e+06	2.79719e+06	2.89613e+06	2.95085e+06	4.05598e+06
18/03/2026	2.92811e+06	3.6751e+06	2.41536e+06	3.00094e+06	2.82668e+06	3.84739e+06	3.4465e+06	3.23174e+06	3.19825e+06	3.33364e+06	3.49014e+06	3.10722e+06	2.46562e+06	2.56459e+06	3.81296e+06	2.63498e+06	3.75502e+06	2.79242e+06	2.89098e+06	2.94583e+06	4.04667e+06
17/04/2026	2.92469e+06	3.67146e+06	2.40957e+06	2.99761e+06	2.8208e+06	3.8437e+06	3.44098e+06	3.22539e+06	3.1946e+06	3.32804e+06	3.48537e+06	3.10131e+06	2.46017e+06	2.55874e+06	3.80601e+06	2.62931e+06	3.74806e+06	2.78767e+06	2.88587e+06	2.94083e+06	4.03734e+06
17/05/2026	2.92131e+06	3.66786e+06	2.40381e+06	2.9943e+06	2.81495e+06	3.84003e+06	3.43551e+06	3.21906e+06	3.19096e+06	3.32247e+06	3.48063e+06	3.09542e+06	2.45478e+06	2.55293e+06	3.79915e+06	2.6237e+06	3.74116e+06	2.78295e+06	2.88078e+06	2.93587e+06	4.028e+06
16/06/2026	2.91796e+06	3.66428e+06	2.39809e+06	2.99102e+06	2.80912e+06	3.83637e+06	3.43008e+06	3.21275e+06	3.18733e+06	3.31692e+06	3.4759e+06	3.08958e+06	2.44942e+06	2.54715e+06	3.7924e+06	2.61814e+06	3.73432e+06	2.77826e+06	2.8757e+06	2.93093e+06	4.01865e+06
16/07/2026	2.91466e+06	3.66075e+06	2.3924e+06	2.98775e+06	2.80331e+06	3.83274e+06	3.4247e+06	3.20647e+06	3.18371e+06	3.3114e+06	3.47121e+06	3.08376e+06	2.44412e+06	2.54141e+06	3.78575e+06	2.61262e+06	3.72757e+06	2.77358e+06	2.87065e+06	2.92602e+06	4.0093e+06
15/08/2026	2.91139e+06	3.65725e+06	2.38675e+06	2.98451e+06	2.79752e+06	3.82913e+06	3.41935e+06	3.20021e+06	3.1801e+06	3.30591e+06	3.46653e+06	3.07797e+06	2.43885e+06	2.53571e+06	3.77922e+06	2.60716e+06	3.7209e+06	2.76893e+06	2.86562e+06	2.92114e+06	3.99993e+06
14/09/2026	2.90814e+06	3.65377e+06	2.38114e+06	2.98129e+06	2.79176e+06	3.82553e+06	3.41403e+06	3.19397e+06	3.17654e+06	3.30044e+06	3.46188e+06	3.07221e+06	2.43363e+06	2.53005e+06	3.77281e+06	2.60174e+06	3.71435e+06	2.76429e+06	2.86061e+06	2.91628e+06	3.99055e+06
14/10/2026	2.90493e+06	3.65034e+06	2.37557e+06	2.97809e+06	2.78602e+06	3.82196e+06	3.40875e+06	3.18777e+06	3.17302e+06	3.295e+06	3.45724e+06	3.06649e+06	2.42846e+06	2.52442e+06	3.76652e+06	2.59638e+06	3.7079e+06	2.75968e+06	2.85562e+06	2.91146e+06	3.98117e+06
13/11/2026	2.90174e+06	3.64692e+06	2.37005e+06	2.97492e+06	2.7803e+06	3.8184e+06	3.4035e+06	3.18158e+06	3.16954e+06	3.28959e+06	3.45263e+06	3.0608e+06	2.42332e+06	2.51883e+06	3.76034e+06	2.59106e+06	3.70158e+06	2.75508e+06	2.85064e+06	2.90665e+06	3.97177e+06
13/12/2026	2.89859e+06	3.64354e+06	2.36457e+06	2.97176e+06	2.7746e+06	3.81486e+06	3.39829e+06	3.17542e+06	3.16612e+06	3.28421e+06	3.44804e+06	3.05514e+06	2.41823e+06	2.51328e+06	3.75428e+06	2.58579e+06	3.69539e+06	2.75051e+06	2.84569e+06	2.90187e+06	3.96236e+06
12/01/2027	2.89545e+06	3.64019e+06	2.35912e+06	2.96863e+06	2.76893e+06	3.81133e+06	3.3931e+06	3.16929e+06	3.16276e+06	3.27885e+06	3.44347e+06	3.04951e+06	2.41318e+06	2.50777e+06	3.74833e+06	2.58057e+06	3.68934e+06	2.74596e+06	2.84076e+06	2.89712e+06	3.95295e+06
11/02/2027	2.89235e+06	3.63687e+06	2.35372e+06	2.96551e+06	2.76327e+06	3.80783e+06	3.38794e+06	3.16318e+06	3.15947e+06	3.27351e+06	3.43892e+06	3.04392e+06	2.40817e+06	2.50228e+06	3.74249e+06	2.5754e+06	3.6834e+06	2.74142e+06	2.83584e+06	2.89239e+06	3.94352e+06
13/03/2027	2.88927e+06	3.63359e+06	2.34835e+06	2.96241e+06	2.75764e+06	3.80434e+06	3.38281e+06	3.15709e+06	3.15623e+06	3.2682e+06	3.43439e+06	3.03835e+06	2.4032e+06	2.49684e+06	3.73676e+06	2.57028e+06	3.67756e+06	2.7369e+06	2.83095e+06	2.88768e+06	3.93409e+06
12/04/2027	2.88621e+06	3.63032e+06	2.34302e+06	2.95932e+06	2.75202e+06	3.80086e+06	3.37771e+06	3.15103e+06	3.15304e+06	3.26292e+06	3.42987e+06	3.03282e+06	2.39827e+06	2.49143e+06	3.73113e+06	2.56521e+06	3.67183e+06	2.73241e+06	2.82607e+06	2.88299e+06	3.92464e+06
12/05/2027	2.88317e+06	3.62709e+06	2.33773e+06	2.95626e+06	2.74643e+06	3.7974e+06	3.37263e+06	3.14499e+06	3.14989e+06	3.25766e+06	3.42538e+06	3.02732e+06	2.39337e+06	2.48606e+06	3.72559e+06	2.56019e+06	3.66619e+06	2.72792e+06	2.8212e+06	2.87833e+06	3.91519e+06
11/06/2027	2.88015e+06	3.62388e+06	2.33248e+06	2.95321e+06	2.74085e+06	3.79396e+06	3.36759e+06	3.13897e+06	3.1468e+06	3.25242e+06	3.42091e+06	3.02186e+06	2.38852e+06	2.48073e+06	3.72012e+06	2.55521e+06	3.66066e+06	2.72346e+06	2.81637e+06	2.87369e+06	3.90572e+06
11/07/2027	2.87715e+06	3.62069e+06	2.32726e+06	2.95018e+06	2.7353e+06	3.79053e+06	3.36257e+06	3.13298e+06	3.14376e+06	3.24721e+06	3.41646e+06	3.01642e+06	2.3837e+06	2.47544e+06	3.71473e+06	2.55029e+06	3.65522e+06	2.71901e+06	2.81155e+06	2.86907e+06	3.89625e+06
10/08/2027	2.87417e+06	3.61752e+06	2.32209e+06	2.94716e+06	2.72976e+06	3.78711e+06	3.35757e+06	3.127e+06	3.14075e+06	3.24202e+06	3.41203e+06	3.01102e+06	2.37892e+06	2.47018e+06	3.7094e+06	2.54543e+06	3.64985e+06	2.71458e+06	2.80675e+06	2.86447e+06	3.88677e+06