Date	Water Injection Total,  sm3	Water Injection Total[M691.DATA],  sm3	Water Injection Total[M767.DATA],  sm3	Water Injection Total[M809.DATA],  sm3	Water Injection Total[M900.DATA],  sm3	Water Injection Total[M928.DATA],  sm3	Water Injection Total[M998.DATA],  sm3	Water Injection Total[M1108.DATA],  sm3	Water Injection Total[M1295.DATA],  sm3	Water Injection Total[M1352.DATA],  sm3	Water Injection Total[M1419.DATA],  sm3	Water Injection Total[M1434.DATA],  sm3	Water Injection Total[M1508.DATA],  sm3	Water Injection Total[M1566.DATA],  sm3	Water Injection Total[M1586.DATA],  sm3	Water Injection Total[M1614.DATA],  sm3	Water Injection Total[M1689.DATA],  sm3	Water Injection Total[M1698.DATA],  sm3	Water Injection Total[M1766.DATA],  sm3	Water Injection Total[M1794.DATA],  sm3	Water Injection Total[MTruth_Case.DATA],  sm3
01/10/2017	0	0	0	0	0	0	0	0	0	0	0	0	0	0	0	0	0	0	0	0	0
31/10/2017	1481.87	1049.6	4072.54	1677.87	3962.43	1076.78	1549.94	1945.65	1087.78	1619.67	1156.33	1917.86	3318.13	4786.3	589.454	4472.13	588.203	3384.21	3254.74	4081.81	359.345
30/11/2017	4758.16	2854.83	14909.6	5182.79	14407.7	2960.03	5425.51	7398.61	2854.86	5911.74	3648.65	7453.02	12377.7	18079.1	1803.17	16323.5	1804	11714.2	11172.5	14678.3	1298.12
30/12/2017	9509.08	5448.18	29484.6	10126.3	28727.5	5815.73	11382.5	15876	5308.15	12625.4	7749.7	16165.5	24938.8	36037.1	3901.39	32341	3901.93	23267.4	22254.9	29012.9	3253.58
29/01/2018	15237.2	8676.83	46188.3	15976.7	45374.2	9424.34	18817.6	26314.4	8263.9	21145.5	13229.3	26866.6	39502.3	56012.8	6928.94	50109.5	6848.89	36803.3	35373.8	45239.4	6216.24
28/02/2018	21565	12449.7	64143.6	22405.8	63534.5	13645.4	27360.4	37950.5	11545.7	30883.1	19726	38835.4	55214.3	76899.9	10732.3	68684.4	10616.4	51513.4	49757.9	62453.4	10196.7
30/03/2018	28297	16567.7	82830	29214	82590.4	18348.7	36652.2	50446.9	15069.8	41396.5	26924.7	51631.6	71626.9	98211.8	15296.4	87636.3	15076.2	66966.8	64921.8	80208.5	15060.3
29/04/2018	35301.5	20960.5	101964	36265.8	102219	23450.9	46480.4	63480.6	18755.6	52422.7	34652.5	64953	88488.4	119722	20460.8	106770	20096	82916.5	80619.3	98234.3	20638.4
29/05/2018	42482.5	25577.2	121375	43483.4	122197	28816.9	56659	76885.4	22561.5	63792.4	42762.6	78607.2	105653	141317	26125.4	125989	25510.5	99191.9	96656.1	116361	26881.8
28/06/2018	49774.9	30363.4	140976	50810.9	142423	34373.9	67076.1	90533.2	26446.3	75396.5	51119.9	92489.4	123012	162933	32192	145198	31293.1	115706	112934	134494	33519.7
28/07/2018	57134.4	35266.6	160741	58205.9	162832	40088.8	77648.9	104356	30396.6	87167.1	59661.5	106541	140490	184524	38528.5	164349	37382.7	132392	129392	152592	40431.8
27/08/2018	64527.9	40257.2	180637	65636	183375	45923.4	88308.9	118303	34393.3	99056.1	68331.6	120712	158036	206053	45088.5	183414	43739.8	149228	145983	170661	47675.6
26/09/2018	71940.7	45303.1	200661	73083.4	204034	51833.9	99038.3	132332	38420.7	111025	77086	134985	175657	227500	51837.1	202383	50267.6	166173	162684	188699	55217.1
26/10/2018	79360.4	50402.8	220787	80536.6	224775	57804.6	109814	146427	42470.5	123059	85918.1	149330	193352	248821	58740.2	221206	56961.3	183213	179473	206693	62941.8
25/11/2018	86775.5	55539.9	241011	87991.6	245592	63821.9	120617	160571	46533	135142	94796.6	163735	211124	269925	65770.9	239833	63788.5	200335	196332	224624	70825.2
25/12/2018	94190.5	60704.3	261323	95442.5	266482	69860.8	131444	174754	50604.3	147268	103716	178190	228956	290722	72904.5	258172	70723.8	217527	213270	242404	78845
24/01/2019	101603	65884	281705	102892	287430	75921.9	142290	188969	54680.1	159429	112668	192688	246846	311077	80107.2	276109	77748.5	234774	230276	259980	86985.9
23/02/2019	109012	71072.6	302149	110336	308443	82000	153151	203209	58757.5	171621	121644	207219	264783	330992	87407.4	293597	84849	252061	247329	277225	95233.8
25/03/2019	116416	76268	322624	117780	329487	88090	164027	217465	62835.6	183837	130639	221772	282753	350405	94764.9	310728	92022	269373	264405	294116	103574
24/04/2019	123815	81468.4	343121	125223	350557	94184.4	174916	231734	66913.8	196073	139653	236344	300735	369337	102171	327467	99239.2	286597	281434	310714	111982
24/05/2019	131213	86671.8	363629	132666	371578	100284	185814	246008	70991.3	208328	148683	250930	318704	387934	109618	344003	106496	303486	298156	326946	120475
23/06/2019	138611	91876.7	384107	140108	392239	106387	196723	260276	75065.5	220596	157727	265531	336562	406200	117101	360296	113786	319953	314460	342962	129048
23/07/2019	146003	97082.2	404479	147551	412463	112494	207642	274527	79138.3	232874	166780	280125	354090	424245	124615	376404	121108	335966	330358	358832	137671
22/08/2019	153391	102287	424473	154994	432154	118606	218570	288752	83208.8	245157	175843	294709	371210	442089	132156	392316	128457	351522	345854	374494	146341
21/09/2019	160779	107489	444091	162432	451294	124720	229509	302949	87277.7	257444	184917	309274	387864	459726	139720	408079	135832	366706	361030	390037	155052
21/10/2019	168167	112692	463454	169873	469912	130835	240456	317104	91345.2	269731	193998	323792	404033	477248	147305	423768	143230	381624	375937	405493	163802
20/11/2019	175556	117894	482446	177317	487965	136951	251416	331225	95411	282010	203088	338265	419928	494692	154910	439358	150649	396339	390641	420886	172592
20/12/2019	182944	123094	501024	184761	505651	143069	262385	345298	99475.6	294266	212179	352679	435443	512101	162528	454904	158087	410911	405171	436250	181420
19/01/2020	190332	128292	519229	192213	523119	149189	273363	359302	103538	306491	221277	367018	450722	529484	170169	470425	165543	425364	419618	451594	190282
18/02/2020	197720	133491	537081	199662	540276	155310	284355	373195	107599	318682	230380	381253	465799	546870	177824	485931	173015	439753	434011	466949	199177
19/03/2020	205108	138692	554555	207110	557258	161433	295357	386958	111660	330833	239485	395347	480695	564297	185489	501441	180502	454116	448390	482346	208102
18/04/2020	212498	143893	571812	214558	574118	167559	306371	400592	115720	342954	248593	409272	495431	581770	193166	516965	188002	468465	462777	497797	217059
18/05/2020	219888	149094	588739	222008	590901	173689	317396	414088	119783	355021	257705	423041	510042	599292	200854	532505	195516	482823	477179	513295	226046
17/06/2020	227280	154296	605491	229453	607623	179821	328426	427449	123842	366991	266819	436651	524555	616874	208553	548076	203044	497221	491609	528851	235064
17/07/2020	234670	159498	622085	236898	624304	185955	339464	440667	127898	378878	275939	450100	538987	634521	216262	563682	210584	511660	506084	544473	244112
16/08/2020	242058	164700	638594	244339	640967	192091	350502	453791	131952	390659	285062	463383	553348	652238	223982	579332	218136	526146	520590	560144	253188
15/09/2020	249453	169903	654984	251779	657619	198229	361545	466730	136006	402312	294184	476506	567668	670021	231713	595018	225700	540690	535162	575893	262292
15/10/2020	256844	175107	671322	259214	674275	204368	372592	479526	140062	413815	303309	489469	581963	687881	239453	610747	233275	555290	549794	591732	271424
14/11/2020	264239	180310	687625	266642	690943	210507	383637	492179	144115	425137	312434	502278	596257	705815	247204	626526	240860	569951	564484	607624	280582
14/12/2020	271624	185513	703901	274069	707631	216648	394682	504702	148170	436295	321560	514943	610548	723829	254964	642358	248456	584677	579235	623594	289763
13/01/2021	279006	190714	720162	281479	724346	222791	405716	517096	152226	447310	330686	527474	624845	741924	262734	658240	256062	599472	594046	639659	298968
12/02/2021	286390	195916	736428	288862	741087	228935	416737	529382	156281	458193	339813	539882	639160	760094	270513	674175	263679	614337	608919	655802	308193
14/03/2021	293762	201117	752707	296187	757867	235080	427730	541574	160335	468953	348937	552181	653504	778353	278300	690173	271305	629269	623853	672012	317440
13/04/2021	301140	206319	769011	303415	774672	241232	438681	553692	164388	479601	358059	564384	667878	796700	286097	706238	278942	644270	638848	688293	326708
13/05/2021	308521	211521	785341	310546	791517	247384	449569	565747	168441	490146	367170	576506	682279	815135	293902	722359	286588	659349	653904	704643	335999
12/06/2021	315907	216725	801711	317572	808407	253538	460359	577753	172494	500595	376273	588558	696727	833660	301717	738541	294244	674503	669018	721066	345312
12/07/2021	323299	221929	818119	324498	825340	259695	471002	589718	176547	510956	385370	600550	711211	852275	309541	754791	301908	689734	684192	737554	354647
11/08/2021	330680	227134	834575	331315	842332	265852	481465	601650	180599	521246	394459	612487	725736	870982	317372	771105	309582	705043	699426	754108	364004
10/09/2021	338061	232339	851070	338035	859377	272010	491745	613557	184652	531468	403529	624377	740311	889780	325213	787480	317264	720426	714723	770725	373382
10/10/2021	345440	237545	867607	344666	876472	278171	501849	625447	188706	541633	412577	636230	754928	908670	333062	803919	324954	735890	730082	787410	382779
09/11/2021	352820	242751	884200	351211	893621	284334	511782	637323	192763	551747	421593	648055	769592	927652	340920	820422	332654	751431	745506	804159	392195
09/12/2021	360200	247958	900831	357673	910825	290497	521551	649190	196817	561822	430573	659857	784301	946726	348785	836986	340361	767049	760994	820980	401631
08/01/2022	367567	253166	917522	364066	928087	296661	531168	661058	200872	571862	439532	671642	799056	965895	356657	853614	348076	782717	776545	837862	411087
07/02/2022	374930	258375	934271	370380	945409	302825	540639	672930	204928	581863	448455	683418	813856	985159	364537	870314	355799	798463	792159	854808	420563
09/03/2022	382285	263583	951075	376624	962792	308991	549977	684811	208984	591842	457337	695184	828703	1.00452e+06	372423	887078	363529	814313	807834	871824	430058
08/04/2022	389610	268791	967933	382804	980239	315158	559198	696700	213040	601796	466140	706946	843595	1.02397e+06	380315	903908	371267	830213	823569	888907	439571
08/05/2022	396901	274001	984846	388926	997750	321326	568326	708610	217096	611733	474890	718708	858530	1.04351e+06	388216	920799	379013	846214	839366	906054	449103
07/06/2022	404139	279211	1.00182e+06	395004	1.01532e+06	327495	577374	720526	221152	621656	483519	730476	873510	1.06315e+06	396122	937756	386767	862264	855222	923266	458652
07/07/2022	411326	284420	1.01885e+06	401043	1.03296e+06	333664	586354	732457	225209	631567	492079	742260	888536	1.08288e+06	404034	954778	394527	878409	871143	940541	468219
06/08/2022	418468	289628	1.03595e+06	407040	1.05066e+06	339832	595275	744407	229266	641472	500511	754053	903613	1.10269e+06	411951	971863	402293	894629	887125	957882	477805
05/09/2022	425569	294834	1.0531e+06	412996	1.06842e+06	346002	604153	756379	233323	651371	508851	765865	918740	1.1226e+06	419873	989008	410067	910920	903167	975287	487409
05/10/2022	432611	300039	1.07032e+06	418919	1.08625e+06	352176	612986	768377	237379	661261	517130	777690	933911	1.1426e+06	427801	1.00622e+06	417847	927280	919269	992755	497030
04/11/2022	439598	305244	1.0876e+06	424826	1.10414e+06	358343	621783	780396	241436	671149	525322	789537	949133	1.16265e+06	435734	1.02349e+06	425633	943710	935431	1.01029e+06	506668
04/12/2022	446524	310447	1.10494e+06	430714	1.1221e+06	364505	630548	792441	245492	681039	533431	801407	964405	1.18283e+06	443671	1.04083e+06	433425	960209	951651	1.02789e+06	516324
03/01/2023	453398	315647	1.12234e+06	436573	1.14013e+06	370663	639281	804510	249550	690938	541458	813295	979730	1.20309e+06	451612	1.05823e+06	441223	976776	967928	1.04556e+06	525998
02/02/2023	460224	320846	1.13981e+06	442419	1.15822e+06	376814	647986	816602	253608	700847	549371	825207	995105	1.22343e+06	459560	1.07569e+06	449029	993412	984261	1.0633e+06	535687
04/03/2023	467004	326043	1.15733e+06	448245	1.17637e+06	382970	656665	828713	257665	710754	557202	837144	1.01053e+06	1.24386e+06	467512	1.09322e+06	456839	1.01012e+06	1.00065e+06	1.08111e+06	545393
03/04/2023	473730	331233	1.17491e+06	454059	1.19459e+06	389117	665322	840845	261722	720673	564950	849102	1.02602e+06	1.26435e+06	475468	1.11081e+06	464654	1.02688e+06	1.0171e+06	1.09899e+06	555115
03/05/2023	480398	336415	1.19256e+06	459864	1.21287e+06	395237	673957	853006	265780	730600	572620	861083	1.04155e+06	1.28494e+06	483428	1.12847e+06	472474	1.04372e+06	1.03359e+06	1.11695e+06	564851
02/06/2023	487009	341589	1.21026e+06	465649	1.23121e+06	401330	682576	865190	269838	740539	580238	873092	1.05714e+06	1.30562e+06	491389	1.14618e+06	480298	1.06062e+06	1.05015e+06	1.13498e+06	574601
02/07/2023	493579	346751	1.22803e+06	471430	1.24962e+06	407396	691183	877402	273896	750489	587767	885128	1.07279e+06	1.32636e+06	499353	1.16396e+06	488125	1.07759e+06	1.06676e+06	1.15309e+06	584364
01/08/2023	500108	351900	1.24585e+06	477195	1.26808e+06	413423	699773	889641	277955	760449	595255	897191	1.08849e+06	1.34718e+06	507321	1.18179e+06	495956	1.09462e+06	1.08341e+06	1.17127e+06	594140
31/08/2023	506591	357030	1.26373e+06	482950	1.28662e+06	419389	708356	901906	282013	770415	602672	909281	1.10425e+06	1.36808e+06	515290	1.19969e+06	503791	1.11171e+06	1.10013e+06	1.18952e+06	603928
30/09/2023	513020	362148	1.28167e+06	488700	1.30522e+06	425297	716932	914193	286070	780393	610056	921400	1.12007e+06	1.38907e+06	523262	1.21764e+06	511630	1.12887e+06	1.11689e+06	1.20785e+06	613730
30/10/2023	519399	367247	1.29968e+06	494435	1.32389e+06	431151	725505	926505	290126	790394	617393	933546	1.13594e+06	1.41015e+06	531237	1.23566e+06	519473	1.14608e+06	1.1337e+06	1.22626e+06	623546
29/11/2023	525754	372328	1.31776e+06	500161	1.34262e+06	436949	734072	938844	294182	800407	624688	945719	1.15186e+06	1.4313e+06	539212	1.25373e+06	527318	1.16336e+06	1.15056e+06	1.24474e+06	633374
29/12/2023	532070	377392	1.33588e+06	505876	1.36141e+06	442694	742636	951209	298236	810430	631944	957921	1.16784e+06	1.45252e+06	547189	1.27187e+06	535167	1.1807e+06	1.16747e+06	1.2633e+06	643217
28/01/2024	538346	382430	1.35407e+06	511588	1.38027e+06	448379	751204	963599	302288	820476	639164	970150	1.18387e+06	1.47381e+06	555166	1.29006e+06	543017	1.1981e+06	1.18442e+06	1.28194e+06	653072
27/02/2024	544594	387451	1.37232e+06	517288	1.39919e+06	454005	759767	976019	306339	830537	646344	982410	1.19996e+06	1.49519e+06	563143	1.30831e+06	550871	1.21556e+06	1.20142e+06	1.30065e+06	662941
28/03/2024	550809	392450	1.39063e+06	522969	1.41817e+06	459576	768329	988464	310388	840614	653497	994701	1.21611e+06	1.51663e+06	571121	1.32661e+06	558726	1.23307e+06	1.21848e+06	1.31943e+06	672823
27/04/2024	556981	397419	1.40901e+06	528628	1.43722e+06	465103	776883	1.00094e+06	314437	850703	660627	1.00702e+06	1.23231e+06	1.53814e+06	579100	1.34497e+06	566582	1.25062e+06	1.23558e+06	1.33828e+06	682717
27/05/2024	563117	402366	1.42745e+06	534278	1.45634e+06	470563	785438	1.01344e+06	318481	860810	667736	1.01937e+06	1.24856e+06	1.55973e+06	587080	1.36339e+06	574440	1.26826e+06	1.25273e+06	1.35721e+06	692624
26/06/2024	569219	407286	1.44596e+06	539909	1.47553e+06	475982	794002	1.02597e+06	322523	870934	674833	1.03175e+06	1.26487e+06	1.58138e+06	595060	1.38186e+06	582298	1.28593e+06	1.26993e+06	1.37622e+06	702543
26/07/2024	575295	412183	1.46454e+06	545527	1.49476e+06	481357	802573	1.03852e+06	326565	881072	681909	1.04416e+06	1.28123e+06	1.60311e+06	603038	1.40038e+06	590156	1.30365e+06	1.28717e+06	1.39529e+06	712474
25/08/2024	581342	417058	1.48317e+06	551136	1.51407e+06	486694	811140	1.05109e+06	330605	891226	688972	1.0566e+06	1.29765e+06	1.6249e+06	611015	1.41896e+06	598015	1.32145e+06	1.30445e+06	1.41444e+06	722418
24/09/2024	587341	421897	1.50187e+06	556727	1.53344e+06	491997	819714	1.06369e+06	334641	901394	696020	1.06906e+06	1.31412e+06	1.64677e+06	618990	1.4376e+06	605874	1.33931e+06	1.32179e+06	1.43366e+06	732372
24/10/2024	593293	426705	1.52063e+06	562308	1.55286e+06	497262	828285	1.07632e+06	338676	911575	703052	1.08155e+06	1.33065e+06	1.6687e+06	626963	1.45629e+06	613733	1.35722e+06	1.33917e+06	1.45296e+06	742338
23/11/2024	599193	431476	1.53945e+06	567853	1.57236e+06	502492	836860	1.08897e+06	342707	921772	710075	1.09407e+06	1.34724e+06	1.6907e+06	634933	1.47503e+06	621592	1.37518e+06	1.35659e+06	1.47232e+06	752314
23/12/2024	605034	436213	1.55834e+06	573383	1.59192e+06	507689	845432	1.10165e+06	346737	931991	717091	1.10662e+06	1.36387e+06	1.71276e+06	642900	1.49382e+06	629452	1.3932e+06	1.37406e+06	1.49176e+06	762302
22/01/2025	610808	440918	1.57729e+06	578895	1.61154e+06	512849	854003	1.11436e+06	350762	942228	724103	1.11919e+06	1.38057e+06	1.7349e+06	650862	1.51266e+06	637310	1.41127e+06	1.39157e+06	1.51127e+06	772301
21/02/2025	616497	445587	1.5963e+06	584379	1.63122e+06	517977	862559	1.12709e+06	354791	952474	731105	1.1318e+06	1.39733e+06	1.75709e+06	658819	1.53156e+06	645167	1.4294e+06	1.40913e+06	1.53085e+06	782312
23/03/2025	622114	450222	1.61538e+06	589843	1.65096e+06	523076	871115	1.13984e+06	358813	962737	738103	1.14442e+06	1.41414e+06	1.77935e+06	666772	1.5505e+06	653022	1.44758e+06	1.42673e+06	1.5505e+06	792335
22/04/2025	627643	454824	1.63452e+06	595294	1.67076e+06	528152	879656	1.15261e+06	362841	973013	745097	1.15708e+06	1.43101e+06	1.80168e+06	674721	1.5695e+06	660876	1.46581e+06	1.44437e+06	1.57023e+06	802369
22/05/2025	633097	459395	1.65372e+06	600722	1.69061e+06	533207	888196	1.16541e+06	366864	983309	752084	1.16976e+06	1.44794e+06	1.82408e+06	682663	1.58855e+06	668727	1.4841e+06	1.46205e+06	1.59003e+06	812415
21/06/2025	638485	463938	1.67298e+06	606136	1.71051e+06	538240	896724	1.17823e+06	370884	993622	759069	1.18248e+06	1.46492e+06	1.84654e+06	690599	1.60764e+06	676575	1.50244e+06	1.47978e+06	1.6099e+06	822473
21/07/2025	643806	468451	1.6923e+06	611538	1.73049e+06	543250	905238	1.19107e+06	374897	1.00395e+06	766050	1.19522e+06	1.48197e+06	1.86907e+06	698531	1.6268e+06	684420	1.52083e+06	1.49755e+06	1.62983e+06	832542
20/08/2025	649065	472934	1.71166e+06	616926	1.75053e+06	548244	913733	1.20394e+06	378916	1.0143e+06	773031	1.20798e+06	1.49907e+06	1.89167e+06	706453	1.646e+06	692260	1.53928e+06	1.51536e+06	1.64984e+06	842622
19/09/2025	654278	477392	1.73111e+06	622314	1.77063e+06	553224	922210	1.21682e+06	382925	1.02466e+06	780015	1.22078e+06	1.51623e+06	1.91434e+06	714369	1.66526e+06	700095	1.55777e+06	1.53321e+06	1.66992e+06	852712
19/10/2025	659449	481827	1.75059e+06	627681	1.79079e+06	558187	930674	1.22973e+06	386939	1.03504e+06	786996	1.2336e+06	1.53344e+06	1.93707e+06	722272	1.68457e+06	707922	1.57632e+06	1.55109e+06	1.69006e+06	862812
18/11/2025	664583	486238	1.77014e+06	633033	1.81098e+06	563139	939122	1.24265e+06	390949	1.04543e+06	793983	1.24645e+06	1.55072e+06	1.95988e+06	730162	1.70393e+06	715742	1.59491e+06	1.56902e+06	1.71027e+06	872923
18/12/2025	669693	490629	1.78974e+06	638372	1.83125e+06	568077	947561	1.2556e+06	394951	1.05584e+06	800974	1.25932e+06	1.56805e+06	1.98274e+06	738038	1.72334e+06	723549	1.61356e+06	1.58699e+06	1.73055e+06	883044
17/01/2026	674779	494998	1.8094e+06	643701	1.85156e+06	573005	955983	1.26857e+06	398953	1.06627e+06	807963	1.27222e+06	1.58544e+06	2.00567e+06	745895	1.74281e+06	731345	1.63225e+06	1.605e+06	1.75089e+06	893174
16/02/2026	679848	499348	1.82913e+06	649022	1.87194e+06	577926	964389	1.28157e+06	402942	1.07671e+06	814954	1.28514e+06	1.60289e+06	2.02867e+06	753727	1.76232e+06	739128	1.651e+06	1.62303e+06	1.77131e+06	903315
18/03/2026	684897	503676	1.84893e+06	654336	1.89238e+06	582840	972780	1.29458e+06	406923	1.08716e+06	821954	1.29809e+06	1.62039e+06	2.05173e+06	761534	1.78189e+06	746890	1.66979e+06	1.6411e+06	1.79178e+06	913466
17/04/2026	689929	507985	1.8688e+06	659635	1.91286e+06	587749	981152	1.30761e+06	410896	1.09763e+06	828958	1.31107e+06	1.63796e+06	2.07485e+06	769309	1.8015e+06	754628	1.68863e+06	1.65923e+06	1.81233e+06	923626
17/05/2026	694943	512277	1.8887e+06	664930	1.93341e+06	592652	989513	1.32065e+06	414861	1.10812e+06	835970	1.32406e+06	1.65558e+06	2.09804e+06	777044	1.82116e+06	762338	1.70751e+06	1.6774e+06	1.83294e+06	933795
16/06/2026	699941	516550	1.90866e+06	670221	1.954e+06	597551	997861	1.33372e+06	418817	1.11862e+06	842984	1.33709e+06	1.67326e+06	2.12129e+06	784731	1.84087e+06	770015	1.72644e+06	1.69561e+06	1.85362e+06	943974
16/07/2026	704926	520800	1.92868e+06	675508	1.97466e+06	602447	1.0062e+06	1.3468e+06	422762	1.12913e+06	850003	1.35013e+06	1.69099e+06	2.14461e+06	792357	1.86063e+06	777649	1.74543e+06	1.71385e+06	1.87436e+06	954163
15/08/2026	709901	525029	1.94876e+06	680785	1.99537e+06	607339	1.01453e+06	1.35991e+06	426694	1.13966e+06	857026	1.3632e+06	1.70879e+06	2.168e+06	799918	1.88045e+06	785235	1.76446e+06	1.73214e+06	1.89516e+06	964362
14/09/2026	714868	529237	1.9689e+06	686055	2.01614e+06	612228	1.02285e+06	1.37303e+06	430605	1.1502e+06	864056	1.3763e+06	1.72663e+06	2.19145e+06	807406	1.90031e+06	792763	1.78354e+06	1.75047e+06	1.91603e+06	974569
14/10/2026	719827	533425	1.98909e+06	691322	2.03696e+06	617115	1.03117e+06	1.38617e+06	434487	1.16076e+06	871090	1.38941e+06	1.74454e+06	2.21495e+06	814823	1.92023e+06	800225	1.80267e+06	1.76883e+06	1.93696e+06	984787
13/11/2026	724781	537601	2.00937e+06	696587	2.05784e+06	621999	1.03948e+06	1.39933e+06	438332	1.17133e+06	878131	1.40255e+06	1.7625e+06	2.23852e+06	822166	1.9402e+06	807619	1.82185e+06	1.78723e+06	1.95795e+06	995014
13/12/2026	729726	541753	2.02971e+06	701847	2.07877e+06	626880	1.04779e+06	1.4125e+06	442139	1.18192e+06	885177	1.41572e+06	1.78052e+06	2.26216e+06	829438	1.96023e+06	814937	1.84107e+06	1.80567e+06	1.97901e+06	1.00525e+06
12/01/2027	734667	545884	2.05011e+06	707090	2.09976e+06	631758	1.05611e+06	1.42569e+06	445897	1.19252e+06	892228	1.4289e+06	1.7986e+06	2.28585e+06	836640	1.98031e+06	822178	1.86034e+06	1.82414e+06	2.00013e+06	1.0155e+06
11/02/2027	739604	549995	2.07058e+06	712334	2.12079e+06	636634	1.06442e+06	1.4389e+06	449600	1.20313e+06	899286	1.44211e+06	1.81674e+06	2.30961e+06	843777	2.00045e+06	829345	1.87967e+06	1.84265e+06	2.02132e+06	1.02575e+06
13/03/2027	744536	554086	2.09111e+06	717574	2.14188e+06	641508	1.07274e+06	1.45213e+06	453255	1.21376e+06	906349	1.45535e+06	1.83493e+06	2.33344e+06	850851	2.02064e+06	836441	1.89904e+06	1.8612e+06	2.04256e+06	1.03602e+06
12/04/2027	749464	558160	2.1117e+06	722814	2.16301e+06	646381	1.08106e+06	1.46538e+06	456863	1.2244e+06	913420	1.46861e+06	1.85319e+06	2.35732e+06	857869	2.04089e+06	843471	1.91845e+06	1.87979e+06	2.06387e+06	1.0463e+06
12/05/2027	754391	562216	2.13237e+06	728047	2.1842e+06	651253	1.08938e+06	1.47864e+06	460423	1.23506e+06	920494	1.48189e+06	1.8715e+06	2.38128e+06	864834	2.0612e+06	850439	1.93791e+06	1.8984e+06	2.08524e+06	1.05658e+06
11/06/2027	759314	566254	2.1531e+06	733277	2.20544e+06	656123	1.09771e+06	1.49192e+06	463937	1.24573e+06	927574	1.4952e+06	1.88986e+06	2.40529e+06	871752	2.08157e+06	857350	1.95742e+06	1.91706e+06	2.10667e+06	1.06688e+06
11/07/2027	764235	570277	2.1739e+06	738506	2.22673e+06	660992	1.10603e+06	1.50522e+06	467408	1.25642e+06	934662	1.50853e+06	1.90828e+06	2.42938e+06	878627	2.10199e+06	864210	1.97697e+06	1.93576e+06	2.12816e+06	1.07718e+06
10/08/2027	769161	574287	2.19476e+06	743739	2.24808e+06	665860	1.11436e+06	1.51853e+06	470845	1.26712e+06	941754	1.52188e+06	1.92676e+06	2.45353e+06	885466	2.12248e+06	871021	1.99657e+06	1.95449e+06	2.14972e+06	1.0875e+06